Date,Daily change in cumulative total,Notes,Country,Units,Source URL,Source label
2020-01-16,4.0,,Taiwan,people tested,https://data.cdc.gov.tw/en/dataset/daily-cases-suspected-sars-cov-2-infection_tested,Taiwan CDC Open Data Portal
2020-01-18,1.0,,Taiwan,people tested,https://data.cdc.gov.tw/en/dataset/daily-cases-suspected-sars-cov-2-infection_tested,Taiwan CDC Open Data Portal
2020-01-19,1.0,,Taiwan,people tested,https://data.cdc.gov.tw/en/dataset/daily-cases-suspected-sars-cov-2-infection_tested,Taiwan CDC Open Data Portal
2020-01-20,2.0,,Taiwan,people tested,https://data.cdc.gov.tw/en/dataset/daily-cases-suspected-sars-cov-2-infection_tested,Taiwan CDC Open Data Portal
2020-01-21,12.0,,Taiwan,people tested,https://data.cdc.gov.tw/en/dataset/daily-cases-suspected-sars-cov-2-infection_tested,Taiwan CDC Open Data Portal
2020-01-22,44.0,,Taiwan,people tested,https://data.cdc.gov.tw/en/dataset/daily-cases-suspected-sars-cov-2-infection_tested,Taiwan CDC Open Data Portal
2020-01-23,70.0,,Taiwan,people tested,https://data.cdc.gov.tw/en/dataset/daily-cases-suspected-sars-cov-2-infection_tested,Taiwan CDC Open Data Portal
2020-01-24,57.0,,Taiwan,people tested,https://data.cdc.gov.tw/en/dataset/daily-cases-suspected-sars-cov-2-infection_tested,Taiwan CDC Open Data Portal
2020-01-25,91.0,,Taiwan,people tested,https://data.cdc.gov.tw/en/dataset/daily-cases-suspected-sars-cov-2-infection_tested,Taiwan CDC Open Data Portal
2020-01-26,117.0,,Taiwan,people tested,https://data.cdc.gov.tw/en/dataset/daily-cases-suspected-sars-cov-2-infection_tested,Taiwan CDC Open Data Portal
2020-01-27,123.0,,Taiwan,people tested,https://data.cdc.gov.tw/en/dataset/daily-cases-suspected-sars-cov-2-infection_tested,Taiwan CDC Open Data Portal
2020-01-28,95.0,,Taiwan,people tested,https://data.cdc.gov.tw/en/dataset/daily-cases-suspected-sars-cov-2-infection_tested,Taiwan CDC Open Data Portal
2020-01-29,106.0,,Taiwan,people tested,https://data.cdc.gov.tw/en/dataset/daily-cases-suspected-sars-cov-2-infection_tested,Taiwan CDC Open Data Portal
2020-01-30,100.0,,Taiwan,people tested,https://data.cdc.gov.tw/en/dataset/daily-cases-suspected-sars-cov-2-infection_tested,Taiwan CDC Open Data Portal
2020-01-31,93.0,,Taiwan,people tested,https://data.cdc.gov.tw/en/dataset/daily-cases-suspected-sars-cov-2-infection_tested,Taiwan CDC Open Data Portal
2020-02-01,87.0,,Taiwan,people tested,https://data.cdc.gov.tw/en/dataset/daily-cases-suspected-sars-cov-2-infection_tested,Taiwan CDC Open Data Portal
2020-02-02,64.0,,Taiwan,people tested,https://data.cdc.gov.tw/en/dataset/daily-cases-suspected-sars-cov-2-infection_tested,Taiwan CDC Open Data Portal
2020-02-03,131.0,,Taiwan,people tested,https://data.cdc.gov.tw/en/dataset/daily-cases-suspected-sars-cov-2-infection_tested,Taiwan CDC Open Data Portal
2020-02-04,103.0,,Taiwan,people tested,https://data.cdc.gov.tw/en/dataset/daily-cases-suspected-sars-cov-2-infection_tested,Taiwan CDC Open Data Portal
2020-02-05,157.0,,Taiwan,people tested,https://data.cdc.gov.tw/en/dataset/daily-cases-suspected-sars-cov-2-infection_tested,Taiwan CDC Open Data Portal
2020-02-06,77.0,,Taiwan,people tested,https://data.cdc.gov.tw/en/dataset/daily-cases-suspected-sars-cov-2-infection_tested,Taiwan CDC Open Data Portal
2020-02-07,199.0,,Taiwan,people tested,https://data.cdc.gov.tw/en/dataset/daily-cases-suspected-sars-cov-2-infection_tested,Taiwan CDC Open Data Portal
2020-02-08,225.0,,Taiwan,people tested,https://data.cdc.gov.tw/en/dataset/daily-cases-suspected-sars-cov-2-infection_tested,Taiwan CDC Open Data Portal
2020-02-09,128.0,,Taiwan,people tested,https://data.cdc.gov.tw/en/dataset/daily-cases-suspected-sars-cov-2-infection_tested,Taiwan CDC Open Data Portal
2020-02-10,205.0,,Taiwan,people tested,https://data.cdc.gov.tw/en/dataset/daily-cases-suspected-sars-cov-2-infection_tested,Taiwan CDC Open Data Portal
2020-02-11,168.0,,Taiwan,people tested,https://data.cdc.gov.tw/en/dataset/daily-cases-suspected-sars-cov-2-infection_tested,Taiwan CDC Open Data Portal
2020-02-12,128.0,,Taiwan,people tested,https://data.cdc.gov.tw/en/dataset/daily-cases-suspected-sars-cov-2-infection_tested,Taiwan CDC Open Data Portal
2020-02-13,115.0,,Taiwan,people tested,https://data.cdc.gov.tw/en/dataset/daily-cases-suspected-sars-cov-2-infection_tested,Taiwan CDC Open Data Portal
2020-02-14,72.0,,Taiwan,people tested,https://data.cdc.gov.tw/en/dataset/daily-cases-suspected-sars-cov-2-infection_tested,Taiwan CDC Open Data Portal
2020-02-15,89.0,,Taiwan,people tested,https://data.cdc.gov.tw/en/dataset/daily-cases-suspected-sars-cov-2-infection_tested,Taiwan CDC Open Data Portal
2020-02-16,112.0,,Taiwan,people tested,https://data.cdc.gov.tw/en/dataset/daily-cases-suspected-sars-cov-2-infection_tested,Taiwan CDC Open Data Portal
2020-02-17,813.0,,Taiwan,people tested,https://data.cdc.gov.tw/en/dataset/daily-cases-suspected-sars-cov-2-infection_tested,Taiwan CDC Open Data Portal
2020-02-18,832.0,,Taiwan,people tested,https://data.cdc.gov.tw/en/dataset/daily-cases-suspected-sars-cov-2-infection_tested,Taiwan CDC Open Data Portal
2020-02-19,696.0,,Taiwan,people tested,https://data.cdc.gov.tw/en/dataset/daily-cases-suspected-sars-cov-2-infection_tested,Taiwan CDC Open Data Portal
2020-02-20,796.0,,Taiwan,people tested,https://data.cdc.gov.tw/en/dataset/daily-cases-suspected-sars-cov-2-infection_tested,Taiwan CDC Open Data Portal
2020-02-21,714.0,,Taiwan,people tested,https://data.cdc.gov.tw/en/dataset/daily-cases-suspected-sars-cov-2-infection_tested,Taiwan CDC Open Data Portal
2020-02-22,444.0,,Taiwan,people tested,https://data.cdc.gov.tw/en/dataset/daily-cases-suspected-sars-cov-2-infection_tested,Taiwan CDC Open Data Portal
2020-02-23,328.0,,Taiwan,people tested,https://data.cdc.gov.tw/en/dataset/daily-cases-suspected-sars-cov-2-infection_tested,Taiwan CDC Open Data Portal
2020-02-24,698.0,,Taiwan,people tested,https://data.cdc.gov.tw/en/dataset/daily-cases-suspected-sars-cov-2-infection_tested,Taiwan CDC Open Data Portal
2020-02-25,609.0,,Taiwan,people tested,https://data.cdc.gov.tw/en/dataset/daily-cases-suspected-sars-cov-2-infection_tested,Taiwan CDC Open Data Portal
2020-02-26,521.0,,Taiwan,people tested,https://data.cdc.gov.tw/en/dataset/daily-cases-suspected-sars-cov-2-infection_tested,Taiwan CDC Open Data Portal
2020-02-27,520.0,,Taiwan,people tested,https://data.cdc.gov.tw/en/dataset/daily-cases-suspected-sars-cov-2-infection_tested,Taiwan CDC Open Data Portal
2020-02-28,371.0,,Taiwan,people tested,https://data.cdc.gov.tw/en/dataset/daily-cases-suspected-sars-cov-2-infection_tested,Taiwan CDC Open Data Portal
2020-02-29,511.0,,Taiwan,people tested,https://data.cdc.gov.tw/en/dataset/daily-cases-suspected-sars-cov-2-infection_tested,Taiwan CDC Open Data Portal
2020-03-01,430.0,,Taiwan,people tested,https://data.cdc.gov.tw/en/dataset/daily-cases-suspected-sars-cov-2-infection_tested,Taiwan CDC Open Data Portal
2020-03-02,600.0,,Taiwan,people tested,https://data.cdc.gov.tw/en/dataset/daily-cases-suspected-sars-cov-2-infection_tested,Taiwan CDC Open Data Portal
2020-03-03,506.0,,Taiwan,people tested,https://data.cdc.gov.tw/en/dataset/daily-cases-suspected-sars-cov-2-infection_tested,Taiwan CDC Open Data Portal
2020-03-04,485.0,,Taiwan,people tested,https://data.cdc.gov.tw/en/dataset/daily-cases-suspected-sars-cov-2-infection_tested,Taiwan CDC Open Data Portal
2020-03-05,297.0,,Taiwan,people tested,https://data.cdc.gov.tw/en/dataset/daily-cases-suspected-sars-cov-2-infection_tested,Taiwan CDC Open Data Portal
2020-03-06,381.0,,Taiwan,people tested,https://data.cdc.gov.tw/en/dataset/daily-cases-suspected-sars-cov-2-infection_tested,Taiwan CDC Open Data Portal
2020-03-07,307.0,,Taiwan,people tested,https://data.cdc.gov.tw/en/dataset/daily-cases-suspected-sars-cov-2-infection_tested,Taiwan CDC Open Data Portal
2020-03-08,298.0,,Taiwan,people tested,https://data.cdc.gov.tw/en/dataset/daily-cases-suspected-sars-cov-2-infection_tested,Taiwan CDC Open Data Portal
2020-03-09,476.0,,Taiwan,people tested,https://data.cdc.gov.tw/en/dataset/daily-cases-suspected-sars-cov-2-infection_tested,Taiwan CDC Open Data Portal
2020-03-10,332.0,,Taiwan,people tested,https://data.cdc.gov.tw/en/dataset/daily-cases-suspected-sars-cov-2-infection_tested,Taiwan CDC Open Data Portal
2020-03-11,445.0,,Taiwan,people tested,https://data.cdc.gov.tw/en/dataset/daily-cases-suspected-sars-cov-2-infection_tested,Taiwan CDC Open Data Portal
2020-03-12,677.0,,Taiwan,people tested,https://data.cdc.gov.tw/en/dataset/daily-cases-suspected-sars-cov-2-infection_tested,Taiwan CDC Open Data Portal
2020-03-13,439.0,,Taiwan,people tested,https://data.cdc.gov.tw/en/dataset/daily-cases-suspected-sars-cov-2-infection_tested,Taiwan CDC Open Data Portal
2020-03-14,379.0,,Taiwan,people tested,https://data.cdc.gov.tw/en/dataset/daily-cases-suspected-sars-cov-2-infection_tested,Taiwan CDC Open Data Portal
2020-03-15,306.0,,Taiwan,people tested,https://data.cdc.gov.tw/en/dataset/daily-cases-suspected-sars-cov-2-infection_tested,Taiwan CDC Open Data Portal
2020-03-16,730.0,,Taiwan,people tested,https://data.cdc.gov.tw/en/dataset/daily-cases-suspected-sars-cov-2-infection_tested,Taiwan CDC Open Data Portal
2020-03-17,873.0,,Taiwan,people tested,https://data.cdc.gov.tw/en/dataset/daily-cases-suspected-sars-cov-2-infection_tested,Taiwan CDC Open Data Portal
2020-03-18,1197.0,,Taiwan,people tested,https://data.cdc.gov.tw/en/dataset/daily-cases-suspected-sars-cov-2-infection_tested,Taiwan CDC Open Data Portal
2020-03-19,1363.0,,Taiwan,people tested,https://data.cdc.gov.tw/en/dataset/daily-cases-suspected-sars-cov-2-infection_tested,Taiwan CDC Open Data Portal
2020-03-20,1371.0,,Taiwan,people tested,https://data.cdc.gov.tw/en/dataset/daily-cases-suspected-sars-cov-2-infection_tested,Taiwan CDC Open Data Portal
2020-03-21,1047.0,,Taiwan,people tested,https://data.cdc.gov.tw/en/dataset/daily-cases-suspected-sars-cov-2-infection_tested,Taiwan CDC Open Data Portal
2020-03-22,811.0,,Taiwan,people tested,https://data.cdc.gov.tw/en/dataset/daily-cases-suspected-sars-cov-2-infection_tested,Taiwan CDC Open Data Portal
2020-03-23,1139.0,,Taiwan,people tested,https://data.cdc.gov.tw/en/dataset/daily-cases-suspected-sars-cov-2-infection_tested,Taiwan CDC Open Data Portal
2020-03-24,924.0,,Taiwan,people tested,https://data.cdc.gov.tw/en/dataset/daily-cases-suspected-sars-cov-2-infection_tested,Taiwan CDC Open Data Portal
2020-03-25,938.0,,Taiwan,people tested,https://data.cdc.gov.tw/en/dataset/daily-cases-suspected-sars-cov-2-infection_tested,Taiwan CDC Open Data Portal
2020-03-26,929.0,,Taiwan,people tested,https://data.cdc.gov.tw/en/dataset/daily-cases-suspected-sars-cov-2-infection_tested,Taiwan CDC Open Data Portal
2020-03-27,864.0,,Taiwan,people tested,https://data.cdc.gov.tw/en/dataset/daily-cases-suspected-sars-cov-2-infection_tested,Taiwan CDC Open Data Portal
2020-03-28,527.0,,Taiwan,people tested,https://data.cdc.gov.tw/en/dataset/daily-cases-suspected-sars-cov-2-infection_tested,Taiwan CDC Open Data Portal
2020-03-29,835.0,,Taiwan,people tested,https://data.cdc.gov.tw/en/dataset/daily-cases-suspected-sars-cov-2-infection_tested,Taiwan CDC Open Data Portal
2020-03-30,1023.0,,Taiwan,people tested,https://data.cdc.gov.tw/en/dataset/daily-cases-suspected-sars-cov-2-infection_tested,Taiwan CDC Open Data Portal
2020-03-31,924.0,,Taiwan,people tested,https://data.cdc.gov.tw/en/dataset/daily-cases-suspected-sars-cov-2-infection_tested,Taiwan CDC Open Data Portal
2020-04-01,1009.0,,Taiwan,people tested,https://data.cdc.gov.tw/en/dataset/daily-cases-suspected-sars-cov-2-infection_tested,Taiwan CDC Open Data Portal
2020-04-02,822.0,,Taiwan,people tested,https://data.cdc.gov.tw/en/dataset/daily-cases-suspected-sars-cov-2-infection_tested,Taiwan CDC Open Data Portal
2020-04-03,880.0,,Taiwan,people tested,https://data.cdc.gov.tw/en/dataset/daily-cases-suspected-sars-cov-2-infection_tested,Taiwan CDC Open Data Portal
2020-04-04,864.0,,Taiwan,people tested,https://data.cdc.gov.tw/en/dataset/daily-cases-suspected-sars-cov-2-infection_tested,Taiwan CDC Open Data Portal
2020-04-05,912.0,,Taiwan,people tested,https://data.cdc.gov.tw/en/dataset/daily-cases-suspected-sars-cov-2-infection_tested,Taiwan CDC Open Data Portal
2020-04-06,1814.0,,Taiwan,people tested,https://data.cdc.gov.tw/en/dataset/daily-cases-suspected-sars-cov-2-infection_tested,Taiwan CDC Open Data Portal
2020-04-07,1685.0,,Taiwan,people tested,https://data.cdc.gov.tw/en/dataset/daily-cases-suspected-sars-cov-2-infection_tested,Taiwan CDC Open Data Portal
2020-04-08,1628.0,,Taiwan,people tested,https://data.cdc.gov.tw/en/dataset/daily-cases-suspected-sars-cov-2-infection_tested,Taiwan CDC Open Data Portal
2020-04-09,1576.0,,Taiwan,people tested,https://data.cdc.gov.tw/en/dataset/daily-cases-suspected-sars-cov-2-infection_tested,Taiwan CDC Open Data Portal
2020-04-10,1564.0,,Taiwan,people tested,https://data.cdc.gov.tw/en/dataset/daily-cases-suspected-sars-cov-2-infection_tested,Taiwan CDC Open Data Portal
2020-04-11,1091.0,,Taiwan,people tested,https://data.cdc.gov.tw/en/dataset/daily-cases-suspected-sars-cov-2-infection_tested,Taiwan CDC Open Data Portal
2020-04-12,664.0,,Taiwan,people tested,https://data.cdc.gov.tw/en/dataset/daily-cases-suspected-sars-cov-2-infection_tested,Taiwan CDC Open Data Portal
2020-04-13,1340.0,,Taiwan,people tested,https://data.cdc.gov.tw/en/dataset/daily-cases-suspected-sars-cov-2-infection_tested,Taiwan CDC Open Data Portal
2020-04-14,1204.0,,Taiwan,people tested,https://data.cdc.gov.tw/en/dataset/daily-cases-suspected-sars-cov-2-infection_tested,Taiwan CDC Open Data Portal
2020-04-15,952.0,,Taiwan,people tested,https://data.cdc.gov.tw/en/dataset/daily-cases-suspected-sars-cov-2-infection_tested,Taiwan CDC Open Data Portal
2020-04-16,903.0,,Taiwan,people tested,https://data.cdc.gov.tw/en/dataset/daily-cases-suspected-sars-cov-2-infection_tested,Taiwan CDC Open Data Portal
2020-04-17,838.0,,Taiwan,people tested,https://data.cdc.gov.tw/en/dataset/daily-cases-suspected-sars-cov-2-infection_tested,Taiwan CDC Open Data Portal
2020-04-18,557.0,,Taiwan,people tested,https://data.cdc.gov.tw/en/dataset/daily-cases-suspected-sars-cov-2-infection_tested,Taiwan CDC Open Data Portal
2020-04-19,624.0,,Taiwan,people tested,https://data.cdc.gov.tw/en/dataset/daily-cases-suspected-sars-cov-2-infection_tested,Taiwan CDC Open Data Portal
2020-04-20,1835.0,,Taiwan,people tested,https://data.cdc.gov.tw/en/dataset/daily-cases-suspected-sars-cov-2-infection_tested,Taiwan CDC Open Data Portal
2020-04-21,1371.0,,Taiwan,people tested,https://data.cdc.gov.tw/en/dataset/daily-cases-suspected-sars-cov-2-infection_tested,Taiwan CDC Open Data Portal
2020-04-22,1154.0,,Taiwan,people tested,https://data.cdc.gov.tw/en/dataset/daily-cases-suspected-sars-cov-2-infection_tested,Taiwan CDC Open Data Portal
2020-04-23,1014.0,,Taiwan,people tested,https://data.cdc.gov.tw/en/dataset/daily-cases-suspected-sars-cov-2-infection_tested,Taiwan CDC Open Data Portal
2020-04-24,827.0,,Taiwan,people tested,https://data.cdc.gov.tw/en/dataset/daily-cases-suspected-sars-cov-2-infection_tested,Taiwan CDC Open Data Portal
2020-04-25,619.0,,Taiwan,people tested,https://data.cdc.gov.tw/en/dataset/daily-cases-suspected-sars-cov-2-infection_tested,Taiwan CDC Open Data Portal
2020-04-26,495.0,,Taiwan,people tested,https://data.cdc.gov.tw/en/dataset/daily-cases-suspected-sars-cov-2-infection_tested,Taiwan CDC Open Data Portal
2020-04-27,740.0,,Taiwan,people tested,https://data.cdc.gov.tw/en/dataset/daily-cases-suspected-sars-cov-2-infection_tested,Taiwan CDC Open Data Portal
2020-04-28,694.0,,Taiwan,people tested,https://data.cdc.gov.tw/en/dataset/daily-cases-suspected-sars-cov-2-infection_tested,Taiwan CDC Open Data Portal
2020-04-29,484.0,,Taiwan,people tested,https://data.cdc.gov.tw/en/dataset/daily-cases-suspected-sars-cov-2-infection_tested,Taiwan CDC Open Data Portal
2020-04-30,495.0,,Taiwan,people tested,https://data.cdc.gov.tw/en/dataset/daily-cases-suspected-sars-cov-2-infection_tested,Taiwan CDC Open Data Portal
2020-05-01,374.0,,Taiwan,people tested,https://data.cdc.gov.tw/en/dataset/daily-cases-suspected-sars-cov-2-infection_tested,Taiwan CDC Open Data Portal
2020-05-02,380.0,,Taiwan,people tested,https://data.cdc.gov.tw/en/dataset/daily-cases-suspected-sars-cov-2-infection_tested,Taiwan CDC Open Data Portal
2020-05-03,342.0,,Taiwan,people tested,https://data.cdc.gov.tw/en/dataset/daily-cases-suspected-sars-cov-2-infection_tested,Taiwan CDC Open Data Portal
2020-05-04,527.0,,Taiwan,people tested,https://data.cdc.gov.tw/en/dataset/daily-cases-suspected-sars-cov-2-infection_tested,Taiwan CDC Open Data Portal
2020-05-05,632.0,,Taiwan,people tested,https://data.cdc.gov.tw/en/dataset/daily-cases-suspected-sars-cov-2-infection_tested,Taiwan CDC Open Data Portal
2020-05-06,451.0,,Taiwan,people tested,https://data.cdc.gov.tw/en/dataset/daily-cases-suspected-sars-cov-2-infection_tested,Taiwan CDC Open Data Portal
2020-05-07,417.0,,Taiwan,people tested,https://data.cdc.gov.tw/en/dataset/daily-cases-suspected-sars-cov-2-infection_tested,Taiwan CDC Open Data Portal
2020-05-08,402.0,,Taiwan,people tested,https://data.cdc.gov.tw/en/dataset/daily-cases-suspected-sars-cov-2-infection_tested,Taiwan CDC Open Data Portal
2020-05-09,269.0,,Taiwan,people tested,https://data.cdc.gov.tw/en/dataset/daily-cases-suspected-sars-cov-2-infection_tested,Taiwan CDC Open Data Portal
2020-05-10,267.0,,Taiwan,people tested,https://data.cdc.gov.tw/en/dataset/daily-cases-suspected-sars-cov-2-infection_tested,Taiwan CDC Open Data Portal
2020-05-11,362.0,,Taiwan,people tested,https://data.cdc.gov.tw/en/dataset/daily-cases-suspected-sars-cov-2-infection_tested,Taiwan CDC Open Data Portal
2020-05-12,349.0,,Taiwan,people tested,https://data.cdc.gov.tw/en/dataset/daily-cases-suspected-sars-cov-2-infection_tested,Taiwan CDC Open Data Portal
2020-05-13,277.0,,Taiwan,people tested,https://data.cdc.gov.tw/en/dataset/daily-cases-suspected-sars-cov-2-infection_tested,Taiwan CDC Open Data Portal
2020-05-14,274.0,,Taiwan,people tested,https://data.cdc.gov.tw/en/dataset/daily-cases-suspected-sars-cov-2-infection_tested,Taiwan CDC Open Data Portal
2020-05-15,323.0,,Taiwan,people tested,https://data.cdc.gov.tw/en/dataset/daily-cases-suspected-sars-cov-2-infection_tested,Taiwan CDC Open Data Portal
2020-05-16,220.0,,Taiwan,people tested,https://data.cdc.gov.tw/en/dataset/daily-cases-suspected-sars-cov-2-infection_tested,Taiwan CDC Open Data Portal
2020-05-17,185.0,,Taiwan,people tested,https://data.cdc.gov.tw/en/dataset/daily-cases-suspected-sars-cov-2-infection_tested,Taiwan CDC Open Data Portal
2020-05-18,269.0,,Taiwan,people tested,https://data.cdc.gov.tw/en/dataset/daily-cases-suspected-sars-cov-2-infection_tested,Taiwan CDC Open Data Portal
2020-05-19,223.0,,Taiwan,people tested,https://data.cdc.gov.tw/en/dataset/daily-cases-suspected-sars-cov-2-infection_tested,Taiwan CDC Open Data Portal
2020-05-20,226.0,,Taiwan,people tested,https://data.cdc.gov.tw/en/dataset/daily-cases-suspected-sars-cov-2-infection_tested,Taiwan CDC Open Data Portal
2020-05-21,236.0,,Taiwan,people tested,https://data.cdc.gov.tw/en/dataset/daily-cases-suspected-sars-cov-2-infection_tested,Taiwan CDC Open Data Portal
2020-05-22,187.0,,Taiwan,people tested,https://data.cdc.gov.tw/en/dataset/daily-cases-suspected-sars-cov-2-infection_tested,Taiwan CDC Open Data Portal
2020-05-23,170.0,,Taiwan,people tested,https://data.cdc.gov.tw/en/dataset/daily-cases-suspected-sars-cov-2-infection_tested,Taiwan CDC Open Data Portal
2020-05-24,183.0,,Taiwan,people tested,https://data.cdc.gov.tw/en/dataset/daily-cases-suspected-sars-cov-2-infection_tested,Taiwan CDC Open Data Portal
2020-05-25,222.0,,Taiwan,people tested,https://data.cdc.gov.tw/en/dataset/daily-cases-suspected-sars-cov-2-infection_tested,Taiwan CDC Open Data Portal
2020-05-26,299.0,,Taiwan,people tested,https://data.cdc.gov.tw/en/dataset/daily-cases-suspected-sars-cov-2-infection_tested,Taiwan CDC Open Data Portal
2020-05-27,183.0,,Taiwan,people tested,https://data.cdc.gov.tw/en/dataset/daily-cases-suspected-sars-cov-2-infection_tested,Taiwan CDC Open Data Portal
2020-05-28,170.0,,Taiwan,people tested,https://data.cdc.gov.tw/en/dataset/daily-cases-suspected-sars-cov-2-infection_tested,Taiwan CDC Open Data Portal
2020-05-29,156.0,,Taiwan,people tested,https://data.cdc.gov.tw/en/dataset/daily-cases-suspected-sars-cov-2-infection_tested,Taiwan CDC Open Data Portal
2020-05-30,174.0,,Taiwan,people tested,https://data.cdc.gov.tw/en/dataset/daily-cases-suspected-sars-cov-2-infection_tested,Taiwan CDC Open Data Portal
2020-05-31,237.0,,Taiwan,people tested,https://data.cdc.gov.tw/en/dataset/daily-cases-suspected-sars-cov-2-infection_tested,Taiwan CDC Open Data Portal
2020-06-01,186.0,,Taiwan,people tested,https://data.cdc.gov.tw/en/dataset/daily-cases-suspected-sars-cov-2-infection_tested,Taiwan CDC Open Data Portal
2020-06-02,178.0,,Taiwan,people tested,https://data.cdc.gov.tw/en/dataset/daily-cases-suspected-sars-cov-2-infection_tested,Taiwan CDC Open Data Portal
2020-06-03,188.0,,Taiwan,people tested,https://data.cdc.gov.tw/en/dataset/daily-cases-suspected-sars-cov-2-infection_tested,Taiwan CDC Open Data Portal
2020-06-04,170.0,,Taiwan,people tested,https://data.cdc.gov.tw/en/dataset/daily-cases-suspected-sars-cov-2-infection_tested,Taiwan CDC Open Data Portal
2020-06-05,184.0,,Taiwan,people tested,https://data.cdc.gov.tw/en/dataset/daily-cases-suspected-sars-cov-2-infection_tested,Taiwan CDC Open Data Portal
2020-06-06,138.0,,Taiwan,people tested,https://data.cdc.gov.tw/en/dataset/daily-cases-suspected-sars-cov-2-infection_tested,Taiwan CDC Open Data Portal
2020-06-07,108.0,,Taiwan,people tested,https://data.cdc.gov.tw/en/dataset/daily-cases-suspected-sars-cov-2-infection_tested,Taiwan CDC Open Data Portal
2020-06-08,129.0,,Taiwan,people tested,https://data.cdc.gov.tw/en/dataset/daily-cases-suspected-sars-cov-2-infection_tested,Taiwan CDC Open Data Portal
2020-06-09,152.0,,Taiwan,people tested,https://data.cdc.gov.tw/en/dataset/daily-cases-suspected-sars-cov-2-infection_tested,Taiwan CDC Open Data Portal
2020-06-10,152.0,,Taiwan,people tested,https://data.cdc.gov.tw/en/dataset/daily-cases-suspected-sars-cov-2-infection_tested,Taiwan CDC Open Data Portal
2020-06-11,135.0,,Taiwan,people tested,https://data.cdc.gov.tw/en/dataset/daily-cases-suspected-sars-cov-2-infection_tested,Taiwan CDC Open Data Portal
2020-06-12,142.0,,Taiwan,people tested,https://data.cdc.gov.tw/en/dataset/daily-cases-suspected-sars-cov-2-infection_tested,Taiwan CDC Open Data Portal
2020-06-13,118.0,,Taiwan,people tested,https://data.cdc.gov.tw/en/dataset/daily-cases-suspected-sars-cov-2-infection_tested,Taiwan CDC Open Data Portal
2020-06-14,111.0,,Taiwan,people tested,https://data.cdc.gov.tw/en/dataset/daily-cases-suspected-sars-cov-2-infection_tested,Taiwan CDC Open Data Portal
2020-06-15,145.0,,Taiwan,people tested,https://data.cdc.gov.tw/en/dataset/daily-cases-suspected-sars-cov-2-infection_tested,Taiwan CDC Open Data Portal
2020-06-16,147.0,,Taiwan,people tested,https://data.cdc.gov.tw/en/dataset/daily-cases-suspected-sars-cov-2-infection_tested,Taiwan CDC Open Data Portal
2020-06-17,146.0,,Taiwan,people tested,https://data.cdc.gov.tw/en/dataset/daily-cases-suspected-sars-cov-2-infection_tested,Taiwan CDC Open Data Portal
2020-06-18,135.0,,Taiwan,people tested,https://data.cdc.gov.tw/en/dataset/daily-cases-suspected-sars-cov-2-infection_tested,Taiwan CDC Open Data Portal
2020-06-19,159.0,,Taiwan,people tested,https://data.cdc.gov.tw/en/dataset/daily-cases-suspected-sars-cov-2-infection_tested,Taiwan CDC Open Data Portal
2020-06-20,114.0,,Taiwan,people tested,https://data.cdc.gov.tw/en/dataset/daily-cases-suspected-sars-cov-2-infection_tested,Taiwan CDC Open Data Portal
2020-06-21,104.0,,Taiwan,people tested,https://data.cdc.gov.tw/en/dataset/daily-cases-suspected-sars-cov-2-infection_tested,Taiwan CDC Open Data Portal
2020-06-22,156.0,,Taiwan,people tested,https://data.cdc.gov.tw/en/dataset/daily-cases-suspected-sars-cov-2-infection_tested,Taiwan CDC Open Data Portal
2020-06-23,126.0,,Taiwan,people tested,https://data.cdc.gov.tw/en/dataset/daily-cases-suspected-sars-cov-2-infection_tested,Taiwan CDC Open Data Portal
2020-06-24,173.0,,Taiwan,people tested,https://data.cdc.gov.tw/en/dataset/daily-cases-suspected-sars-cov-2-infection_tested,Taiwan CDC Open Data Portal
2020-06-25,217.0,,Taiwan,people tested,https://data.cdc.gov.tw/en/dataset/daily-cases-suspected-sars-cov-2-infection_tested,Taiwan CDC Open Data Portal
2020-06-26,176.0,,Taiwan,people tested,https://data.cdc.gov.tw/en/dataset/daily-cases-suspected-sars-cov-2-infection_tested,Taiwan CDC Open Data Portal
2020-06-27,154.0,,Taiwan,people tested,https://data.cdc.gov.tw/en/dataset/daily-cases-suspected-sars-cov-2-infection_tested,Taiwan CDC Open Data Portal
2020-06-28,127.0,,Taiwan,people tested,https://data.cdc.gov.tw/en/dataset/daily-cases-suspected-sars-cov-2-infection_tested,Taiwan CDC Open Data Portal
2020-06-29,184.0,,Taiwan,people tested,https://data.cdc.gov.tw/en/dataset/daily-cases-suspected-sars-cov-2-infection_tested,Taiwan CDC Open Data Portal
2020-06-30,210.0,,Taiwan,people tested,https://data.cdc.gov.tw/en/dataset/daily-cases-suspected-sars-cov-2-infection_tested,Taiwan CDC Open Data Portal
2020-07-01,141.0,,Taiwan,people tested,https://data.cdc.gov.tw/en/dataset/daily-cases-suspected-sars-cov-2-infection_tested,Taiwan CDC Open Data Portal
2020-07-02,129.0,,Taiwan,people tested,https://data.cdc.gov.tw/en/dataset/daily-cases-suspected-sars-cov-2-infection_tested,Taiwan CDC Open Data Portal
2020-07-03,140.0,,Taiwan,people tested,https://data.cdc.gov.tw/en/dataset/daily-cases-suspected-sars-cov-2-infection_tested,Taiwan CDC Open Data Portal
2020-07-04,119.0,,Taiwan,people tested,https://data.cdc.gov.tw/en/dataset/daily-cases-suspected-sars-cov-2-infection_tested,Taiwan CDC Open Data Portal
2020-07-05,151.0,,Taiwan,people tested,https://data.cdc.gov.tw/en/dataset/daily-cases-suspected-sars-cov-2-infection_tested,Taiwan CDC Open Data Portal
2020-07-06,177.0,,Taiwan,people tested,https://data.cdc.gov.tw/en/dataset/daily-cases-suspected-sars-cov-2-infection_tested,Taiwan CDC Open Data Portal
2020-07-07,136.0,,Taiwan,people tested,https://data.cdc.gov.tw/en/dataset/daily-cases-suspected-sars-cov-2-infection_tested,Taiwan CDC Open Data Portal
2020-07-08,141.0,,Taiwan,people tested,https://data.cdc.gov.tw/en/dataset/daily-cases-suspected-sars-cov-2-infection_tested,Taiwan CDC Open Data Portal
2020-07-09,188.0,,Taiwan,people tested,https://data.cdc.gov.tw/en/dataset/daily-cases-suspected-sars-cov-2-infection_tested,Taiwan CDC Open Data Portal
2020-07-10,165.0,,Taiwan,people tested,https://data.cdc.gov.tw/en/dataset/daily-cases-suspected-sars-cov-2-infection_tested,Taiwan CDC Open Data Portal
2020-07-11,118.0,,Taiwan,people tested,https://data.cdc.gov.tw/en/dataset/daily-cases-suspected-sars-cov-2-infection_tested,Taiwan CDC Open Data Portal
2020-07-12,126.0,,Taiwan,people tested,https://data.cdc.gov.tw/en/dataset/daily-cases-suspected-sars-cov-2-infection_tested,Taiwan CDC Open Data Portal
2020-07-13,126.0,,Taiwan,people tested,https://data.cdc.gov.tw/en/dataset/daily-cases-suspected-sars-cov-2-infection_tested,Taiwan CDC Open Data Portal
2020-07-14,155.0,,Taiwan,people tested,https://data.cdc.gov.tw/en/dataset/daily-cases-suspected-sars-cov-2-infection_tested,Taiwan CDC Open Data Portal
2020-07-15,164.0,,Taiwan,people tested,https://data.cdc.gov.tw/en/dataset/daily-cases-suspected-sars-cov-2-infection_tested,Taiwan CDC Open Data Portal
2020-07-16,191.0,,Taiwan,people tested,https://data.cdc.gov.tw/en/dataset/daily-cases-suspected-sars-cov-2-infection_tested,Taiwan CDC Open Data Portal
2020-07-17,145.0,,Taiwan,people tested,https://data.cdc.gov.tw/en/dataset/daily-cases-suspected-sars-cov-2-infection_tested,Taiwan CDC Open Data Portal
2020-07-18,111.0,,Taiwan,people tested,https://data.cdc.gov.tw/en/dataset/daily-cases-suspected-sars-cov-2-infection_tested,Taiwan CDC Open Data Portal
2020-07-19,135.0,,Taiwan,people tested,https://data.cdc.gov.tw/en/dataset/daily-cases-suspected-sars-cov-2-infection_tested,Taiwan CDC Open Data Portal
2020-07-20,161.0,,Taiwan,people tested,https://data.cdc.gov.tw/en/dataset/daily-cases-suspected-sars-cov-2-infection_tested,Taiwan CDC Open Data Portal
2020-07-21,143.0,,Taiwan,people tested,https://data.cdc.gov.tw/en/dataset/daily-cases-suspected-sars-cov-2-infection_tested,Taiwan CDC Open Data Portal
2020-07-22,156.0,,Taiwan,people tested,https://data.cdc.gov.tw/en/dataset/daily-cases-suspected-sars-cov-2-infection_tested,Taiwan CDC Open Data Portal
2020-07-23,163.0,,Taiwan,people tested,https://data.cdc.gov.tw/en/dataset/daily-cases-suspected-sars-cov-2-infection_tested,Taiwan CDC Open Data Portal
2020-07-24,135.0,,Taiwan,people tested,https://data.cdc.gov.tw/en/dataset/daily-cases-suspected-sars-cov-2-infection_tested,Taiwan CDC Open Data Portal
2020-07-25,95.0,,Taiwan,people tested,https://data.cdc.gov.tw/en/dataset/daily-cases-suspected-sars-cov-2-infection_tested,Taiwan CDC Open Data Portal
2020-07-26,123.0,,Taiwan,people tested,https://data.cdc.gov.tw/en/dataset/daily-cases-suspected-sars-cov-2-infection_tested,Taiwan CDC Open Data Portal
2020-07-27,201.0,,Taiwan,people tested,https://data.cdc.gov.tw/en/dataset/daily-cases-suspected-sars-cov-2-infection_tested,Taiwan CDC Open Data Portal
2020-07-28,341.0,,Taiwan,people tested,https://data.cdc.gov.tw/en/dataset/daily-cases-suspected-sars-cov-2-infection_tested,Taiwan CDC Open Data Portal
2020-07-29,220.0,,Taiwan,people tested,https://data.cdc.gov.tw/en/dataset/daily-cases-suspected-sars-cov-2-infection_tested,Taiwan CDC Open Data Portal
2020-07-30,203.0,,Taiwan,people tested,https://data.cdc.gov.tw/en/dataset/daily-cases-suspected-sars-cov-2-infection_tested,Taiwan CDC Open Data Portal
2020-07-31,235.0,,Taiwan,people tested,https://data.cdc.gov.tw/en/dataset/daily-cases-suspected-sars-cov-2-infection_tested,Taiwan CDC Open Data Portal
2020-08-01,104.0,,Taiwan,people tested,https://data.cdc.gov.tw/en/dataset/daily-cases-suspected-sars-cov-2-infection_tested,Taiwan CDC Open Data Portal
2020-08-02,132.0,,Taiwan,people tested,https://data.cdc.gov.tw/en/dataset/daily-cases-suspected-sars-cov-2-infection_tested,Taiwan CDC Open Data Portal
2020-08-03,273.0,,Taiwan,people tested,https://data.cdc.gov.tw/en/dataset/daily-cases-suspected-sars-cov-2-infection_tested,Taiwan CDC Open Data Portal
2020-08-04,192.0,,Taiwan,people tested,https://data.cdc.gov.tw/en/dataset/daily-cases-suspected-sars-cov-2-infection_tested,Taiwan CDC Open Data Portal
2020-08-05,211.0,,Taiwan,people tested,https://data.cdc.gov.tw/en/dataset/daily-cases-suspected-sars-cov-2-infection_tested,Taiwan CDC Open Data Portal
2020-08-06,214.0,,Taiwan,people tested,https://data.cdc.gov.tw/en/dataset/daily-cases-suspected-sars-cov-2-infection_tested,Taiwan CDC Open Data Portal
2020-08-07,164.0,,Taiwan,people tested,https://data.cdc.gov.tw/en/dataset/daily-cases-suspected-sars-cov-2-infection_tested,Taiwan CDC Open Data Portal
2020-08-08,173.0,,Taiwan,people tested,https://data.cdc.gov.tw/en/dataset/daily-cases-suspected-sars-cov-2-infection_tested,Taiwan CDC Open Data Portal
2020-08-09,142.0,,Taiwan,people tested,https://data.cdc.gov.tw/en/dataset/daily-cases-suspected-sars-cov-2-infection_tested,Taiwan CDC Open Data Portal
2020-08-10,247.0,,Taiwan,people tested,https://data.cdc.gov.tw/en/dataset/daily-cases-suspected-sars-cov-2-infection_tested,Taiwan CDC Open Data Portal
2020-08-11,147.0,,Taiwan,people tested,https://data.cdc.gov.tw/en/dataset/daily-cases-suspected-sars-cov-2-infection_tested,Taiwan CDC Open Data Portal
2020-08-12,190.0,,Taiwan,people tested,https://data.cdc.gov.tw/en/dataset/daily-cases-suspected-sars-cov-2-infection_tested,Taiwan CDC Open Data Portal
2020-08-13,229.0,,Taiwan,people tested,https://data.cdc.gov.tw/en/dataset/daily-cases-suspected-sars-cov-2-infection_tested,Taiwan CDC Open Data Portal
2020-08-14,198.0,,Taiwan,people tested,https://data.cdc.gov.tw/en/dataset/daily-cases-suspected-sars-cov-2-infection_tested,Taiwan CDC Open Data Portal
2020-08-15,133.0,,Taiwan,people tested,https://data.cdc.gov.tw/en/dataset/daily-cases-suspected-sars-cov-2-infection_tested,Taiwan CDC Open Data Portal
2020-08-16,124.0,,Taiwan,people tested,https://data.cdc.gov.tw/en/dataset/daily-cases-suspected-sars-cov-2-infection_tested,Taiwan CDC Open Data Portal
2020-08-17,260.0,,Taiwan,people tested,https://data.cdc.gov.tw/en/dataset/daily-cases-suspected-sars-cov-2-infection_tested,Taiwan CDC Open Data Portal
2020-08-18,165.0,,Taiwan,people tested,https://data.cdc.gov.tw/en/dataset/daily-cases-suspected-sars-cov-2-infection_tested,Taiwan CDC Open Data Portal
2020-08-19,222.0,,Taiwan,people tested,https://data.cdc.gov.tw/en/dataset/daily-cases-suspected-sars-cov-2-infection_tested,Taiwan CDC Open Data Portal
2020-08-20,214.0,,Taiwan,people tested,https://data.cdc.gov.tw/en/dataset/daily-cases-suspected-sars-cov-2-infection_tested,Taiwan CDC Open Data Portal
2020-08-21,217.0,,Taiwan,people tested,https://data.cdc.gov.tw/en/dataset/daily-cases-suspected-sars-cov-2-infection_tested,Taiwan CDC Open Data Portal
2020-08-22,128.0,,Taiwan,people tested,https://data.cdc.gov.tw/en/dataset/daily-cases-suspected-sars-cov-2-infection_tested,Taiwan CDC Open Data Portal
2020-08-23,117.0,,Taiwan,people tested,https://data.cdc.gov.tw/en/dataset/daily-cases-suspected-sars-cov-2-infection_tested,Taiwan CDC Open Data Portal
2020-08-24,242.0,,Taiwan,people tested,https://data.cdc.gov.tw/en/dataset/daily-cases-suspected-sars-cov-2-infection_tested,Taiwan CDC Open Data Portal
2020-08-25,155.0,,Taiwan,people tested,https://data.cdc.gov.tw/en/dataset/daily-cases-suspected-sars-cov-2-infection_tested,Taiwan CDC Open Data Portal
2020-08-26,182.0,,Taiwan,people tested,https://data.cdc.gov.tw/en/dataset/daily-cases-suspected-sars-cov-2-infection_tested,Taiwan CDC Open Data Portal
2020-08-27,204.0,,Taiwan,people tested,https://data.cdc.gov.tw/en/dataset/daily-cases-suspected-sars-cov-2-infection_tested,Taiwan CDC Open Data Portal
2020-08-28,177.0,,Taiwan,people tested,https://data.cdc.gov.tw/en/dataset/daily-cases-suspected-sars-cov-2-infection_tested,Taiwan CDC Open Data Portal
2020-08-29,148.0,,Taiwan,people tested,https://data.cdc.gov.tw/en/dataset/daily-cases-suspected-sars-cov-2-infection_tested,Taiwan CDC Open Data Portal
2020-08-30,157.0,,Taiwan,people tested,https://data.cdc.gov.tw/en/dataset/daily-cases-suspected-sars-cov-2-infection_tested,Taiwan CDC Open Data Portal
2020-08-31,215.0,,Taiwan,people tested,https://data.cdc.gov.tw/en/dataset/daily-cases-suspected-sars-cov-2-infection_tested,Taiwan CDC Open Data Portal
2020-09-01,144.0,,Taiwan,people tested,https://data.cdc.gov.tw/en/dataset/daily-cases-suspected-sars-cov-2-infection_tested,Taiwan CDC Open Data Portal
2020-09-02,152.0,,Taiwan,people tested,https://data.cdc.gov.tw/en/dataset/daily-cases-suspected-sars-cov-2-infection_tested,Taiwan CDC Open Data Portal
2020-09-03,232.0,,Taiwan,people tested,https://data.cdc.gov.tw/en/dataset/daily-cases-suspected-sars-cov-2-infection_tested,Taiwan CDC Open Data Portal
2020-09-04,242.0,,Taiwan,people tested,https://data.cdc.gov.tw/en/dataset/daily-cases-suspected-sars-cov-2-infection_tested,Taiwan CDC Open Data Portal
2020-09-05,112.0,,Taiwan,people tested,https://data.cdc.gov.tw/en/dataset/daily-cases-suspected-sars-cov-2-infection_tested,Taiwan CDC Open Data Portal
2020-09-06,173.0,,Taiwan,people tested,https://data.cdc.gov.tw/en/dataset/daily-cases-suspected-sars-cov-2-infection_tested,Taiwan CDC Open Data Portal
2020-09-07,188.0,,Taiwan,people tested,https://data.cdc.gov.tw/en/dataset/daily-cases-suspected-sars-cov-2-infection_tested,Taiwan CDC Open Data Portal
2020-09-08,187.0,,Taiwan,people tested,https://data.cdc.gov.tw/en/dataset/daily-cases-suspected-sars-cov-2-infection_tested,Taiwan CDC Open Data Portal
2020-09-09,155.0,,Taiwan,people tested,https://data.cdc.gov.tw/en/dataset/daily-cases-suspected-sars-cov-2-infection_tested,Taiwan CDC Open Data Portal
2020-09-10,224.0,,Taiwan,people tested,https://data.cdc.gov.tw/en/dataset/daily-cases-suspected-sars-cov-2-infection_tested,Taiwan CDC Open Data Portal
2020-09-11,186.0,,Taiwan,people tested,https://data.cdc.gov.tw/en/dataset/daily-cases-suspected-sars-cov-2-infection_tested,Taiwan CDC Open Data Portal
2020-09-12,126.0,,Taiwan,people tested,https://data.cdc.gov.tw/en/dataset/daily-cases-suspected-sars-cov-2-infection_tested,Taiwan CDC Open Data Portal
2020-09-13,210.0,,Taiwan,people tested,https://data.cdc.gov.tw/en/dataset/daily-cases-suspected-sars-cov-2-infection_tested,Taiwan CDC Open Data Portal
2020-09-14,154.0,,Taiwan,people tested,https://data.cdc.gov.tw/en/dataset/daily-cases-suspected-sars-cov-2-infection_tested,Taiwan CDC Open Data Portal
2020-09-15,160.0,,Taiwan,people tested,https://data.cdc.gov.tw/en/dataset/daily-cases-suspected-sars-cov-2-infection_tested,Taiwan CDC Open Data Portal
2020-09-16,282.0,,Taiwan,people tested,https://data.cdc.gov.tw/en/dataset/daily-cases-suspected-sars-cov-2-infection_tested,Taiwan CDC Open Data Portal
2020-09-17,680.0,,Taiwan,people tested,https://data.cdc.gov.tw/en/dataset/daily-cases-suspected-sars-cov-2-infection_tested,Taiwan CDC Open Data Portal
2020-09-18,351.0,,Taiwan,people tested,https://data.cdc.gov.tw/en/dataset/daily-cases-suspected-sars-cov-2-infection_tested,Taiwan CDC Open Data Portal
2020-09-19,95.0,,Taiwan,people tested,https://data.cdc.gov.tw/en/dataset/daily-cases-suspected-sars-cov-2-infection_tested,Taiwan CDC Open Data Portal
2020-09-20,98.0,,Taiwan,people tested,https://data.cdc.gov.tw/en/dataset/daily-cases-suspected-sars-cov-2-infection_tested,Taiwan CDC Open Data Portal
2020-09-21,283.0,,Taiwan,people tested,https://data.cdc.gov.tw/en/dataset/daily-cases-suspected-sars-cov-2-infection_tested,Taiwan CDC Open Data Portal
2020-09-22,175.0,,Taiwan,people tested,https://data.cdc.gov.tw/en/dataset/daily-cases-suspected-sars-cov-2-infection_tested,Taiwan CDC Open Data Portal
2020-09-23,257.0,,Taiwan,people tested,https://data.cdc.gov.tw/en/dataset/daily-cases-suspected-sars-cov-2-infection_tested,Taiwan CDC Open Data Portal
2020-09-24,198.0,,Taiwan,people tested,https://data.cdc.gov.tw/en/dataset/daily-cases-suspected-sars-cov-2-infection_tested,Taiwan CDC Open Data Portal
2020-09-25,137.0,,Taiwan,people tested,https://data.cdc.gov.tw/en/dataset/daily-cases-suspected-sars-cov-2-infection_tested,Taiwan CDC Open Data Portal
2020-09-26,275.0,,Taiwan,people tested,https://data.cdc.gov.tw/en/dataset/daily-cases-suspected-sars-cov-2-infection_tested,Taiwan CDC Open Data Portal
2020-09-27,204.0,,Taiwan,people tested,https://data.cdc.gov.tw/en/dataset/daily-cases-suspected-sars-cov-2-infection_tested,Taiwan CDC Open Data Portal
2020-09-28,259.0,,Taiwan,people tested,https://data.cdc.gov.tw/en/dataset/daily-cases-suspected-sars-cov-2-infection_tested,Taiwan CDC Open Data Portal
2020-09-29,211.0,,Taiwan,people tested,https://data.cdc.gov.tw/en/dataset/daily-cases-suspected-sars-cov-2-infection_tested,Taiwan CDC Open Data Portal
2020-09-30,260.0,,Taiwan,people tested,https://data.cdc.gov.tw/en/dataset/daily-cases-suspected-sars-cov-2-infection_tested,Taiwan CDC Open Data Portal
2020-10-01,152.0,,Taiwan,people tested,https://data.cdc.gov.tw/en/dataset/daily-cases-suspected-sars-cov-2-infection_tested,Taiwan CDC Open Data Portal
2020-10-02,392.0,,Taiwan,people tested,https://data.cdc.gov.tw/en/dataset/daily-cases-suspected-sars-cov-2-infection_tested,Taiwan CDC Open Data Portal
2020-10-03,109.0,,Taiwan,people tested,https://data.cdc.gov.tw/en/dataset/daily-cases-suspected-sars-cov-2-infection_tested,Taiwan CDC Open Data Portal
2020-10-04,167.0,,Taiwan,people tested,https://data.cdc.gov.tw/en/dataset/daily-cases-suspected-sars-cov-2-infection_tested,Taiwan CDC Open Data Portal
2020-10-05,356.0,,Taiwan,people tested,https://data.cdc.gov.tw/en/dataset/daily-cases-suspected-sars-cov-2-infection_tested,Taiwan CDC Open Data Portal
2020-10-06,170.0,,Taiwan,people tested,https://data.cdc.gov.tw/en/dataset/daily-cases-suspected-sars-cov-2-infection_tested,Taiwan CDC Open Data Portal
2020-10-07,432.0,,Taiwan,people tested,https://data.cdc.gov.tw/en/dataset/daily-cases-suspected-sars-cov-2-infection_tested,Taiwan CDC Open Data Portal
2020-10-08,590.0,,Taiwan,people tested,https://data.cdc.gov.tw/en/dataset/daily-cases-suspected-sars-cov-2-infection_tested,Taiwan CDC Open Data Portal
2020-10-09,339.0,,Taiwan,people tested,https://data.cdc.gov.tw/en/dataset/daily-cases-suspected-sars-cov-2-infection_tested,Taiwan CDC Open Data Portal
2020-10-10,114.0,,Taiwan,people tested,https://data.cdc.gov.tw/en/dataset/daily-cases-suspected-sars-cov-2-infection_tested,Taiwan CDC Open Data Portal
2020-10-11,123.0,,Taiwan,people tested,https://data.cdc.gov.tw/en/dataset/daily-cases-suspected-sars-cov-2-infection_tested,Taiwan CDC Open Data Portal
2020-10-12,305.0,,Taiwan,people tested,https://data.cdc.gov.tw/en/dataset/daily-cases-suspected-sars-cov-2-infection_tested,Taiwan CDC Open Data Portal
2020-10-13,271.0,,Taiwan,people tested,https://data.cdc.gov.tw/en/dataset/daily-cases-suspected-sars-cov-2-infection_tested,Taiwan CDC Open Data Portal
2020-10-14,345.0,,Taiwan,people tested,https://data.cdc.gov.tw/en/dataset/daily-cases-suspected-sars-cov-2-infection_tested,Taiwan CDC Open Data Portal
2020-10-15,589.0,,Taiwan,people tested,https://data.cdc.gov.tw/en/dataset/daily-cases-suspected-sars-cov-2-infection_tested,Taiwan CDC Open Data Portal
2020-10-16,382.0,,Taiwan,people tested,https://data.cdc.gov.tw/en/dataset/daily-cases-suspected-sars-cov-2-infection_tested,Taiwan CDC Open Data Portal
2020-10-17,132.0,,Taiwan,people tested,https://data.cdc.gov.tw/en/dataset/daily-cases-suspected-sars-cov-2-infection_tested,Taiwan CDC Open Data Portal
2020-10-18,176.0,,Taiwan,people tested,https://data.cdc.gov.tw/en/dataset/daily-cases-suspected-sars-cov-2-infection_tested,Taiwan CDC Open Data Portal
2020-10-19,314.0,,Taiwan,people tested,https://data.cdc.gov.tw/en/dataset/daily-cases-suspected-sars-cov-2-infection_tested,Taiwan CDC Open Data Portal
2020-10-20,223.0,,Taiwan,people tested,https://data.cdc.gov.tw/en/dataset/daily-cases-suspected-sars-cov-2-infection_tested,Taiwan CDC Open Data Portal
2020-10-21,215.0,,Taiwan,people tested,https://data.cdc.gov.tw/en/dataset/daily-cases-suspected-sars-cov-2-infection_tested,Taiwan CDC Open Data Portal
2020-10-22,329.0,,Taiwan,people tested,https://data.cdc.gov.tw/en/dataset/daily-cases-suspected-sars-cov-2-infection_tested,Taiwan CDC Open Data Portal
2020-10-23,177.0,,Taiwan,people tested,https://data.cdc.gov.tw/en/dataset/daily-cases-suspected-sars-cov-2-infection_tested,Taiwan CDC Open Data Portal
2020-10-24,97.0,,Taiwan,people tested,https://data.cdc.gov.tw/en/dataset/daily-cases-suspected-sars-cov-2-infection_tested,Taiwan CDC Open Data Portal
2020-10-25,118.0,,Taiwan,people tested,https://data.cdc.gov.tw/en/dataset/daily-cases-suspected-sars-cov-2-infection_tested,Taiwan CDC Open Data Portal
2020-10-26,293.0,,Taiwan,people tested,https://data.cdc.gov.tw/en/dataset/daily-cases-suspected-sars-cov-2-infection_tested,Taiwan CDC Open Data Portal
2020-10-27,206.0,,Taiwan,people tested,https://data.cdc.gov.tw/en/dataset/daily-cases-suspected-sars-cov-2-infection_tested,Taiwan CDC Open Data Portal
2020-10-28,198.0,,Taiwan,people tested,https://data.cdc.gov.tw/en/dataset/daily-cases-suspected-sars-cov-2-infection_tested,Taiwan CDC Open Data Portal
2020-10-29,569.0,,Taiwan,people tested,https://data.cdc.gov.tw/en/dataset/daily-cases-suspected-sars-cov-2-infection_tested,Taiwan CDC Open Data Portal
2020-10-30,156.0,,Taiwan,people tested,https://data.cdc.gov.tw/en/dataset/daily-cases-suspected-sars-cov-2-infection_tested,Taiwan CDC Open Data Portal
2020-10-31,93.0,,Taiwan,people tested,https://data.cdc.gov.tw/en/dataset/daily-cases-suspected-sars-cov-2-infection_tested,Taiwan CDC Open Data Portal
2020-11-01,116.0,,Taiwan,people tested,https://data.cdc.gov.tw/en/dataset/daily-cases-suspected-sars-cov-2-infection_tested,Taiwan CDC Open Data Portal
2020-11-02,352.0,,Taiwan,people tested,https://data.cdc.gov.tw/en/dataset/daily-cases-suspected-sars-cov-2-infection_tested,Taiwan CDC Open Data Portal
2020-11-03,288.0,,Taiwan,people tested,https://data.cdc.gov.tw/en/dataset/daily-cases-suspected-sars-cov-2-infection_tested,Taiwan CDC Open Data Portal
2020-11-04,325.0,,Taiwan,people tested,https://data.cdc.gov.tw/en/dataset/daily-cases-suspected-sars-cov-2-infection_tested,Taiwan CDC Open Data Portal
2020-11-05,272.0,,Taiwan,people tested,https://data.cdc.gov.tw/en/dataset/daily-cases-suspected-sars-cov-2-infection_tested,Taiwan CDC Open Data Portal
2020-11-06,394.0,,Taiwan,people tested,https://data.cdc.gov.tw/en/dataset/daily-cases-suspected-sars-cov-2-infection_tested,Taiwan CDC Open Data Portal
2020-11-07,114.0,,Taiwan,people tested,https://data.cdc.gov.tw/en/dataset/daily-cases-suspected-sars-cov-2-infection_tested,Taiwan CDC Open Data Portal
2020-11-08,118.0,,Taiwan,people tested,https://data.cdc.gov.tw/en/dataset/daily-cases-suspected-sars-cov-2-infection_tested,Taiwan CDC Open Data Portal
2020-11-09,320.0,,Taiwan,people tested,https://data.cdc.gov.tw/en/dataset/daily-cases-suspected-sars-cov-2-infection_tested,Taiwan CDC Open Data Portal
2020-11-10,292.0,,Taiwan,people tested,https://data.cdc.gov.tw/en/dataset/daily-cases-suspected-sars-cov-2-infection_tested,Taiwan CDC Open Data Portal
2020-11-11,287.0,,Taiwan,people tested,https://data.cdc.gov.tw/en/dataset/daily-cases-suspected-sars-cov-2-infection_tested,Taiwan CDC Open Data Portal
2020-11-12,380.0,,Taiwan,people tested,https://data.cdc.gov.tw/en/dataset/daily-cases-suspected-sars-cov-2-infection_tested,Taiwan CDC Open Data Portal
2020-11-13,204.0,,Taiwan,people tested,https://data.cdc.gov.tw/en/dataset/daily-cases-suspected-sars-cov-2-infection_tested,Taiwan CDC Open Data Portal
2020-11-14,98.0,,Taiwan,people tested,https://data.cdc.gov.tw/en/dataset/daily-cases-suspected-sars-cov-2-infection_tested,Taiwan CDC Open Data Portal
2020-11-15,102.0,,Taiwan,people tested,https://data.cdc.gov.tw/en/dataset/daily-cases-suspected-sars-cov-2-infection_tested,Taiwan CDC Open Data Portal
2020-11-16,382.0,,Taiwan,people tested,https://data.cdc.gov.tw/en/dataset/daily-cases-suspected-sars-cov-2-infection_tested,Taiwan CDC Open Data Portal
2020-11-17,215.0,,Taiwan,people tested,https://data.cdc.gov.tw/en/dataset/daily-cases-suspected-sars-cov-2-infection_tested,Taiwan CDC Open Data Portal
2020-11-18,287.0,,Taiwan,people tested,https://data.cdc.gov.tw/en/dataset/daily-cases-suspected-sars-cov-2-infection_tested,Taiwan CDC Open Data Portal
2020-11-19,429.0,,Taiwan,people tested,https://data.cdc.gov.tw/en/dataset/daily-cases-suspected-sars-cov-2-infection_tested,Taiwan CDC Open Data Portal
2020-11-20,199.0,,Taiwan,people tested,https://data.cdc.gov.tw/en/dataset/daily-cases-suspected-sars-cov-2-infection_tested,Taiwan CDC Open Data Portal
2020-11-21,210.0,,Taiwan,people tested,https://data.cdc.gov.tw/en/dataset/daily-cases-suspected-sars-cov-2-infection_tested,Taiwan CDC Open Data Portal
2020-11-22,126.0,,Taiwan,people tested,https://data.cdc.gov.tw/en/dataset/daily-cases-suspected-sars-cov-2-infection_tested,Taiwan CDC Open Data Portal
2020-11-23,341.0,,Taiwan,people tested,https://data.cdc.gov.tw/en/dataset/daily-cases-suspected-sars-cov-2-infection_tested,Taiwan CDC Open Data Portal
2020-11-24,342.0,,Taiwan,people tested,https://data.cdc.gov.tw/en/dataset/daily-cases-suspected-sars-cov-2-infection_tested,Taiwan CDC Open Data Portal
2020-11-25,329.0,,Taiwan,people tested,https://data.cdc.gov.tw/en/dataset/daily-cases-suspected-sars-cov-2-infection_tested,Taiwan CDC Open Data Portal
2020-11-26,425.0,,Taiwan,people tested,https://data.cdc.gov.tw/en/dataset/daily-cases-suspected-sars-cov-2-infection_tested,Taiwan CDC Open Data Portal
2020-11-27,638.0,,Taiwan,people tested,https://data.cdc.gov.tw/en/dataset/daily-cases-suspected-sars-cov-2-infection_tested,Taiwan CDC Open Data Portal
2020-11-28,479.0,,Taiwan,people tested,https://data.cdc.gov.tw/en/dataset/daily-cases-suspected-sars-cov-2-infection_tested,Taiwan CDC Open Data Portal
2020-11-29,241.0,,Taiwan,people tested,https://data.cdc.gov.tw/en/dataset/daily-cases-suspected-sars-cov-2-infection_tested,Taiwan CDC Open Data Portal
2020-11-30,337.0,,Taiwan,people tested,https://data.cdc.gov.tw/en/dataset/daily-cases-suspected-sars-cov-2-infection_tested,Taiwan CDC Open Data Portal
2020-12-01,363.0,,Taiwan,people tested,https://data.cdc.gov.tw/en/dataset/daily-cases-suspected-sars-cov-2-infection_tested,Taiwan CDC Open Data Portal
2020-12-02,184.0,,Taiwan,people tested,https://data.cdc.gov.tw/en/dataset/daily-cases-suspected-sars-cov-2-infection_tested,Taiwan CDC Open Data Portal
2020-12-03,898.0,,Taiwan,people tested,https://data.cdc.gov.tw/en/dataset/daily-cases-suspected-sars-cov-2-infection_tested,Taiwan CDC Open Data Portal
2020-12-04,283.0,,Taiwan,people tested,https://data.cdc.gov.tw/en/dataset/daily-cases-suspected-sars-cov-2-infection_tested,Taiwan CDC Open Data Portal
2020-12-05,146.0,,Taiwan,people tested,https://data.cdc.gov.tw/en/dataset/daily-cases-suspected-sars-cov-2-infection_tested,Taiwan CDC Open Data Portal
2020-12-06,137.0,,Taiwan,people tested,https://data.cdc.gov.tw/en/dataset/daily-cases-suspected-sars-cov-2-infection_tested,Taiwan CDC Open Data Portal
2020-12-07,242.0,,Taiwan,people tested,https://data.cdc.gov.tw/en/dataset/daily-cases-suspected-sars-cov-2-infection_tested,Taiwan CDC Open Data Portal
2020-12-08,291.0,,Taiwan,people tested,https://data.cdc.gov.tw/en/dataset/daily-cases-suspected-sars-cov-2-infection_tested,Taiwan CDC Open Data Portal
2020-12-09,300.0,,Taiwan,people tested,https://data.cdc.gov.tw/en/dataset/daily-cases-suspected-sars-cov-2-infection_tested,Taiwan CDC Open Data Portal
2020-12-10,434.0,,Taiwan,people tested,https://data.cdc.gov.tw/en/dataset/daily-cases-suspected-sars-cov-2-infection_tested,Taiwan CDC Open Data Portal
2020-12-11,780.0,,Taiwan,people tested,https://data.cdc.gov.tw/en/dataset/daily-cases-suspected-sars-cov-2-infection_tested,Taiwan CDC Open Data Portal
2020-12-12,423.0,,Taiwan,people tested,https://data.cdc.gov.tw/en/dataset/daily-cases-suspected-sars-cov-2-infection_tested,Taiwan CDC Open Data Portal
2020-12-13,216.0,,Taiwan,people tested,https://data.cdc.gov.tw/en/dataset/daily-cases-suspected-sars-cov-2-infection_tested,Taiwan CDC Open Data Portal
2020-12-14,847.0,,Taiwan,people tested,https://data.cdc.gov.tw/en/dataset/daily-cases-suspected-sars-cov-2-infection_tested,Taiwan CDC Open Data Portal
2020-12-15,801.0,,Taiwan,people tested,https://data.cdc.gov.tw/en/dataset/daily-cases-suspected-sars-cov-2-infection_tested,Taiwan CDC Open Data Portal
2020-12-16,757.0,,Taiwan,people tested,https://data.cdc.gov.tw/en/dataset/daily-cases-suspected-sars-cov-2-infection_tested,Taiwan CDC Open Data Portal
2020-12-17,790.0,,Taiwan,people tested,https://data.cdc.gov.tw/en/dataset/daily-cases-suspected-sars-cov-2-infection_tested,Taiwan CDC Open Data Portal
2020-12-18,577.0,,Taiwan,people tested,https://data.cdc.gov.tw/en/dataset/daily-cases-suspected-sars-cov-2-infection_tested,Taiwan CDC Open Data Portal
2020-12-19,240.0,,Taiwan,people tested,https://data.cdc.gov.tw/en/dataset/daily-cases-suspected-sars-cov-2-infection_tested,Taiwan CDC Open Data Portal
2020-12-20,183.0,,Taiwan,people tested,https://data.cdc.gov.tw/en/dataset/daily-cases-suspected-sars-cov-2-infection_tested,Taiwan CDC Open Data Portal
2020-12-21,760.0,,Taiwan,people tested,https://data.cdc.gov.tw/en/dataset/daily-cases-suspected-sars-cov-2-infection_tested,Taiwan CDC Open Data Portal
2020-12-22,800.0,,Taiwan,people tested,https://data.cdc.gov.tw/en/dataset/daily-cases-suspected-sars-cov-2-infection_tested,Taiwan CDC Open Data Portal
2020-12-23,670.0,,Taiwan,people tested,https://data.cdc.gov.tw/en/dataset/daily-cases-suspected-sars-cov-2-infection_tested,Taiwan CDC Open Data Portal
2020-12-24,728.0,,Taiwan,people tested,https://data.cdc.gov.tw/en/dataset/daily-cases-suspected-sars-cov-2-infection_tested,Taiwan CDC Open Data Portal
2020-12-25,759.0,,Taiwan,people tested,https://data.cdc.gov.tw/en/dataset/daily-cases-suspected-sars-cov-2-infection_tested,Taiwan CDC Open Data Portal
2020-12-26,324.0,,Taiwan,people tested,https://data.cdc.gov.tw/en/dataset/daily-cases-suspected-sars-cov-2-infection_tested,Taiwan CDC Open Data Portal
2020-12-27,365.0,,Taiwan,people tested,https://data.cdc.gov.tw/en/dataset/daily-cases-suspected-sars-cov-2-infection_tested,Taiwan CDC Open Data Portal
2020-12-28,1017.0,,Taiwan,people tested,https://data.cdc.gov.tw/en/dataset/daily-cases-suspected-sars-cov-2-infection_tested,Taiwan CDC Open Data Portal
2020-12-29,810.0,,Taiwan,people tested,https://data.cdc.gov.tw/en/dataset/daily-cases-suspected-sars-cov-2-infection_tested,Taiwan CDC Open Data Portal
2020-12-30,674.0,,Taiwan,people tested,https://data.cdc.gov.tw/en/dataset/daily-cases-suspected-sars-cov-2-infection_tested,Taiwan CDC Open Data Portal
2020-12-31,507.0,,Taiwan,people tested,https://data.cdc.gov.tw/en/dataset/daily-cases-suspected-sars-cov-2-infection_tested,Taiwan CDC Open Data Portal
2021-01-01,200.0,,Taiwan,people tested,https://data.cdc.gov.tw/en/dataset/daily-cases-suspected-sars-cov-2-infection_tested,Taiwan CDC Open Data Portal
2021-01-02,251.0,,Taiwan,people tested,https://data.cdc.gov.tw/en/dataset/daily-cases-suspected-sars-cov-2-infection_tested,Taiwan CDC Open Data Portal
2021-01-03,159.0,,Taiwan,people tested,https://data.cdc.gov.tw/en/dataset/daily-cases-suspected-sars-cov-2-infection_tested,Taiwan CDC Open Data Portal
2021-01-04,1185.0,,Taiwan,people tested,https://data.cdc.gov.tw/en/dataset/daily-cases-suspected-sars-cov-2-infection_tested,Taiwan CDC Open Data Portal
2021-01-05,597.0,,Taiwan,people tested,https://data.cdc.gov.tw/en/dataset/daily-cases-suspected-sars-cov-2-infection_tested,Taiwan CDC Open Data Portal
2021-01-06,807.0,,Taiwan,people tested,https://data.cdc.gov.tw/en/dataset/daily-cases-suspected-sars-cov-2-infection_tested,Taiwan CDC Open Data Portal
2021-01-07,699.0,,Taiwan,people tested,https://data.cdc.gov.tw/en/dataset/daily-cases-suspected-sars-cov-2-infection_tested,Taiwan CDC Open Data Portal
2021-01-08,597.0,,Taiwan,people tested,https://data.cdc.gov.tw/en/dataset/daily-cases-suspected-sars-cov-2-infection_tested,Taiwan CDC Open Data Portal
2021-01-09,249.0,,Taiwan,people tested,https://data.cdc.gov.tw/en/dataset/daily-cases-suspected-sars-cov-2-infection_tested,Taiwan CDC Open Data Portal
2021-01-10,276.0,,Taiwan,people tested,https://data.cdc.gov.tw/en/dataset/daily-cases-suspected-sars-cov-2-infection_tested,Taiwan CDC Open Data Portal
2021-01-11,985.0,,Taiwan,people tested,https://data.cdc.gov.tw/en/dataset/daily-cases-suspected-sars-cov-2-infection_tested,Taiwan CDC Open Data Portal
2021-01-12,612.0,,Taiwan,people tested,https://data.cdc.gov.tw/en/dataset/daily-cases-suspected-sars-cov-2-infection_tested,Taiwan CDC Open Data Portal
2021-01-13,758.0,,Taiwan,people tested,https://data.cdc.gov.tw/en/dataset/daily-cases-suspected-sars-cov-2-infection_tested,Taiwan CDC Open Data Portal
2021-01-14,967.0,,Taiwan,people tested,https://data.cdc.gov.tw/en/dataset/daily-cases-suspected-sars-cov-2-infection_tested,Taiwan CDC Open Data Portal
2021-01-15,1174.0,,Taiwan,people tested,https://data.cdc.gov.tw/en/dataset/daily-cases-suspected-sars-cov-2-infection_tested,Taiwan CDC Open Data Portal
2021-01-16,543.0,,Taiwan,people tested,https://data.cdc.gov.tw/en/dataset/daily-cases-suspected-sars-cov-2-infection_tested,Taiwan CDC Open Data Portal
2021-01-17,447.0,,Taiwan,people tested,https://data.cdc.gov.tw/en/dataset/daily-cases-suspected-sars-cov-2-infection_tested,Taiwan CDC Open Data Portal
2021-01-18,1518.0,,Taiwan,people tested,https://data.cdc.gov.tw/en/dataset/daily-cases-suspected-sars-cov-2-infection_tested,Taiwan CDC Open Data Portal
2021-01-19,949.0,,Taiwan,people tested,https://data.cdc.gov.tw/en/dataset/daily-cases-suspected-sars-cov-2-infection_tested,Taiwan CDC Open Data Portal
2021-01-20,1244.0,,Taiwan,people tested,https://data.cdc.gov.tw/en/dataset/daily-cases-suspected-sars-cov-2-infection_tested,Taiwan CDC Open Data Portal
2021-01-21,1187.0,,Taiwan,people tested,https://data.cdc.gov.tw/en/dataset/daily-cases-suspected-sars-cov-2-infection_tested,Taiwan CDC Open Data Portal
2021-01-22,1323.0,,Taiwan,people tested,https://data.cdc.gov.tw/en/dataset/daily-cases-suspected-sars-cov-2-infection_tested,Taiwan CDC Open Data Portal
2021-01-23,1007.0,,Taiwan,people tested,https://data.cdc.gov.tw/en/dataset/daily-cases-suspected-sars-cov-2-infection_tested,Taiwan CDC Open Data Portal
2021-01-24,593.0,,Taiwan,people tested,https://data.cdc.gov.tw/en/dataset/daily-cases-suspected-sars-cov-2-infection_tested,Taiwan CDC Open Data Portal
2021-01-25,1735.0,,Taiwan,people tested,https://data.cdc.gov.tw/en/dataset/daily-cases-suspected-sars-cov-2-infection_tested,Taiwan CDC Open Data Portal
2021-01-26,1516.0,,Taiwan,people tested,https://data.cdc.gov.tw/en/dataset/daily-cases-suspected-sars-cov-2-infection_tested,Taiwan CDC Open Data Portal
2021-01-27,1629.0,,Taiwan,people tested,https://data.cdc.gov.tw/en/dataset/daily-cases-suspected-sars-cov-2-infection_tested,Taiwan CDC Open Data Portal
2021-01-28,1601.0,,Taiwan,people tested,https://data.cdc.gov.tw/en/dataset/daily-cases-suspected-sars-cov-2-infection_tested,Taiwan CDC Open Data Portal
2021-01-29,1877.0,,Taiwan,people tested,https://data.cdc.gov.tw/en/dataset/daily-cases-suspected-sars-cov-2-infection_tested,Taiwan CDC Open Data Portal
2021-01-30,1358.0,,Taiwan,people tested,https://data.cdc.gov.tw/en/dataset/daily-cases-suspected-sars-cov-2-infection_tested,Taiwan CDC Open Data Portal
2021-01-31,872.0,,Taiwan,people tested,https://data.cdc.gov.tw/en/dataset/daily-cases-suspected-sars-cov-2-infection_tested,Taiwan CDC Open Data Portal
2021-02-01,1210.0,,Taiwan,people tested,https://data.cdc.gov.tw/en/dataset/daily-cases-suspected-sars-cov-2-infection_tested,Taiwan CDC Open Data Portal
2021-02-02,3243.0,,Taiwan,people tested,https://data.cdc.gov.tw/en/dataset/daily-cases-suspected-sars-cov-2-infection_tested,Taiwan CDC Open Data Portal
2021-02-03,1167.0,,Taiwan,people tested,https://data.cdc.gov.tw/en/dataset/daily-cases-suspected-sars-cov-2-infection_tested,Taiwan CDC Open Data Portal
2021-02-04,927.0,,Taiwan,people tested,https://data.cdc.gov.tw/en/dataset/daily-cases-suspected-sars-cov-2-infection_tested,Taiwan CDC Open Data Portal
2021-02-05,877.0,,Taiwan,people tested,https://data.cdc.gov.tw/en/dataset/daily-cases-suspected-sars-cov-2-infection_tested,Taiwan CDC Open Data Portal
2021-02-06,517.0,,Taiwan,people tested,https://data.cdc.gov.tw/en/dataset/daily-cases-suspected-sars-cov-2-infection_tested,Taiwan CDC Open Data Portal
2021-02-07,791.0,,Taiwan,people tested,https://data.cdc.gov.tw/en/dataset/daily-cases-suspected-sars-cov-2-infection_tested,Taiwan CDC Open Data Portal
2021-02-08,1106.0,,Taiwan,people tested,https://data.cdc.gov.tw/en/dataset/daily-cases-suspected-sars-cov-2-infection_tested,Taiwan CDC Open Data Portal
2021-02-09,783.0,,Taiwan,people tested,https://data.cdc.gov.tw/en/dataset/daily-cases-suspected-sars-cov-2-infection_tested,Taiwan CDC Open Data Portal
2021-02-10,378.0,,Taiwan,people tested,https://data.cdc.gov.tw/en/dataset/daily-cases-suspected-sars-cov-2-infection_tested,Taiwan CDC Open Data Portal
2021-02-11,275.0,,Taiwan,people tested,https://data.cdc.gov.tw/en/dataset/daily-cases-suspected-sars-cov-2-infection_tested,Taiwan CDC Open Data Portal
2021-02-12,276.0,,Taiwan,people tested,https://data.cdc.gov.tw/en/dataset/daily-cases-suspected-sars-cov-2-infection_tested,Taiwan CDC Open Data Portal
2021-02-13,324.0,,Taiwan,people tested,https://data.cdc.gov.tw/en/dataset/daily-cases-suspected-sars-cov-2-infection_tested,Taiwan CDC Open Data Portal
2021-02-14,334.0,,Taiwan,people tested,https://data.cdc.gov.tw/en/dataset/daily-cases-suspected-sars-cov-2-infection_tested,Taiwan CDC Open Data Portal
2021-02-15,325.0,,Taiwan,people tested,https://data.cdc.gov.tw/en/dataset/daily-cases-suspected-sars-cov-2-infection_tested,Taiwan CDC Open Data Portal
2021-02-16,320.0,,Taiwan,people tested,https://data.cdc.gov.tw/en/dataset/daily-cases-suspected-sars-cov-2-infection_tested,Taiwan CDC Open Data Portal
2021-02-17,758.0,,Taiwan,people tested,https://data.cdc.gov.tw/en/dataset/daily-cases-suspected-sars-cov-2-infection_tested,Taiwan CDC Open Data Portal
2021-02-18,698.0,,Taiwan,people tested,https://data.cdc.gov.tw/en/dataset/daily-cases-suspected-sars-cov-2-infection_tested,Taiwan CDC Open Data Portal
2021-02-19,839.0,,Taiwan,people tested,https://data.cdc.gov.tw/en/dataset/daily-cases-suspected-sars-cov-2-infection_tested,Taiwan CDC Open Data Portal
2021-02-20,371.0,,Taiwan,people tested,https://data.cdc.gov.tw/en/dataset/daily-cases-suspected-sars-cov-2-infection_tested,Taiwan CDC Open Data Portal
2021-02-21,231.0,,Taiwan,people tested,https://data.cdc.gov.tw/en/dataset/daily-cases-suspected-sars-cov-2-infection_tested,Taiwan CDC Open Data Portal
2021-02-22,735.0,,Taiwan,people tested,https://data.cdc.gov.tw/en/dataset/daily-cases-suspected-sars-cov-2-infection_tested,Taiwan CDC Open Data Portal
2021-02-23,487.0,,Taiwan,people tested,https://data.cdc.gov.tw/en/dataset/daily-cases-suspected-sars-cov-2-infection_tested,Taiwan CDC Open Data Portal
2021-02-24,546.0,,Taiwan,people tested,https://data.cdc.gov.tw/en/dataset/daily-cases-suspected-sars-cov-2-infection_tested,Taiwan CDC Open Data Portal
2021-02-25,544.0,,Taiwan,people tested,https://data.cdc.gov.tw/en/dataset/daily-cases-suspected-sars-cov-2-infection_tested,Taiwan CDC Open Data Portal
2021-02-26,417.0,,Taiwan,people tested,https://data.cdc.gov.tw/en/dataset/daily-cases-suspected-sars-cov-2-infection_tested,Taiwan CDC Open Data Portal
2021-02-27,221.0,,Taiwan,people tested,https://data.cdc.gov.tw/en/dataset/daily-cases-suspected-sars-cov-2-infection_tested,Taiwan CDC Open Data Portal
2021-02-28,197.0,,Taiwan,people tested,https://data.cdc.gov.tw/en/dataset/daily-cases-suspected-sars-cov-2-infection_tested,Taiwan CDC Open Data Portal
2021-03-01,276.0,,Taiwan,people tested,https://data.cdc.gov.tw/en/dataset/daily-cases-suspected-sars-cov-2-infection_tested,Taiwan CDC Open Data Portal
2021-03-02,434.0,,Taiwan,people tested,https://data.cdc.gov.tw/en/dataset/daily-cases-suspected-sars-cov-2-infection_tested,Taiwan CDC Open Data Portal
2021-03-03,288.0,,Taiwan,people tested,https://data.cdc.gov.tw/en/dataset/daily-cases-suspected-sars-cov-2-infection_tested,Taiwan CDC Open Data Portal
2021-03-04,675.0,,Taiwan,people tested,https://data.cdc.gov.tw/en/dataset/daily-cases-suspected-sars-cov-2-infection_tested,Taiwan CDC Open Data Portal
2021-03-05,706.0,,Taiwan,people tested,https://data.cdc.gov.tw/en/dataset/daily-cases-suspected-sars-cov-2-infection_tested,Taiwan CDC Open Data Portal
2021-03-06,349.0,,Taiwan,people tested,https://data.cdc.gov.tw/en/dataset/daily-cases-suspected-sars-cov-2-infection_tested,Taiwan CDC Open Data Portal
2021-03-07,176.0,,Taiwan,people tested,https://data.cdc.gov.tw/en/dataset/daily-cases-suspected-sars-cov-2-infection_tested,Taiwan CDC Open Data Portal
2021-03-08,1093.0,,Taiwan,people tested,https://data.cdc.gov.tw/en/dataset/daily-cases-suspected-sars-cov-2-infection_tested,Taiwan CDC Open Data Portal
2021-03-09,357.0,,Taiwan,people tested,https://data.cdc.gov.tw/en/dataset/daily-cases-suspected-sars-cov-2-infection_tested,Taiwan CDC Open Data Portal
2021-03-10,490.0,,Taiwan,people tested,https://data.cdc.gov.tw/en/dataset/daily-cases-suspected-sars-cov-2-infection_tested,Taiwan CDC Open Data Portal
2021-03-11,626.0,,Taiwan,people tested,https://data.cdc.gov.tw/en/dataset/daily-cases-suspected-sars-cov-2-infection_tested,Taiwan CDC Open Data Portal
2021-03-12,641.0,,Taiwan,people tested,https://data.cdc.gov.tw/en/dataset/daily-cases-suspected-sars-cov-2-infection_tested,Taiwan CDC Open Data Portal
2021-03-13,212.0,,Taiwan,people tested,https://data.cdc.gov.tw/en/dataset/daily-cases-suspected-sars-cov-2-infection_tested,Taiwan CDC Open Data Portal
2021-03-14,142.0,,Taiwan,people tested,https://data.cdc.gov.tw/en/dataset/daily-cases-suspected-sars-cov-2-infection_tested,Taiwan CDC Open Data Portal
2021-03-15,535.0,,Taiwan,people tested,https://data.cdc.gov.tw/en/dataset/daily-cases-suspected-sars-cov-2-infection_tested,Taiwan CDC Open Data Portal
2021-03-16,649.0,,Taiwan,people tested,https://data.cdc.gov.tw/en/dataset/daily-cases-suspected-sars-cov-2-infection_tested,Taiwan CDC Open Data Portal
2021-03-17,485.0,,Taiwan,people tested,https://data.cdc.gov.tw/en/dataset/daily-cases-suspected-sars-cov-2-infection_tested,Taiwan CDC Open Data Portal
2021-03-18,360.0,,Taiwan,people tested,https://data.cdc.gov.tw/en/dataset/daily-cases-suspected-sars-cov-2-infection_tested,Taiwan CDC Open Data Portal
2021-03-19,432.0,,Taiwan,people tested,https://data.cdc.gov.tw/en/dataset/daily-cases-suspected-sars-cov-2-infection_tested,Taiwan CDC Open Data Portal
2021-03-20,219.0,,Taiwan,people tested,https://data.cdc.gov.tw/en/dataset/daily-cases-suspected-sars-cov-2-infection_tested,Taiwan CDC Open Data Portal
2021-03-21,163.0,,Taiwan,people tested,https://data.cdc.gov.tw/en/dataset/daily-cases-suspected-sars-cov-2-infection_tested,Taiwan CDC Open Data Portal
2021-03-22,803.0,,Taiwan,people tested,https://data.cdc.gov.tw/en/dataset/daily-cases-suspected-sars-cov-2-infection_tested,Taiwan CDC Open Data Portal
2021-03-23,437.0,,Taiwan,people tested,https://data.cdc.gov.tw/en/dataset/daily-cases-suspected-sars-cov-2-infection_tested,Taiwan CDC Open Data Portal
2021-03-24,568.0,,Taiwan,people tested,https://data.cdc.gov.tw/en/dataset/daily-cases-suspected-sars-cov-2-infection_tested,Taiwan CDC Open Data Portal
2021-03-25,716.0,,Taiwan,people tested,https://data.cdc.gov.tw/en/dataset/daily-cases-suspected-sars-cov-2-infection_tested,Taiwan CDC Open Data Portal
2021-03-26,628.0,,Taiwan,people tested,https://data.cdc.gov.tw/en/dataset/daily-cases-suspected-sars-cov-2-infection_tested,Taiwan CDC Open Data Portal
2021-03-27,251.0,,Taiwan,people tested,https://data.cdc.gov.tw/en/dataset/daily-cases-suspected-sars-cov-2-infection_tested,Taiwan CDC Open Data Portal
2021-03-28,164.0,,Taiwan,people tested,https://data.cdc.gov.tw/en/dataset/daily-cases-suspected-sars-cov-2-infection_tested,Taiwan CDC Open Data Portal
2021-03-29,849.0,,Taiwan,people tested,https://data.cdc.gov.tw/en/dataset/daily-cases-suspected-sars-cov-2-infection_tested,Taiwan CDC Open Data Portal
2021-03-30,834.0,,Taiwan,people tested,https://data.cdc.gov.tw/en/dataset/daily-cases-suspected-sars-cov-2-infection_tested,Taiwan CDC Open Data Portal
2021-03-31,965.0,,Taiwan,people tested,https://data.cdc.gov.tw/en/dataset/daily-cases-suspected-sars-cov-2-infection_tested,Taiwan CDC Open Data Portal
2021-04-01,604.0,,Taiwan,people tested,https://data.cdc.gov.tw/en/dataset/daily-cases-suspected-sars-cov-2-infection_tested,Taiwan CDC Open Data Portal
2021-04-02,275.0,,Taiwan,people tested,https://data.cdc.gov.tw/en/dataset/daily-cases-suspected-sars-cov-2-infection_tested,Taiwan CDC Open Data Portal
2021-04-03,290.0,,Taiwan,people tested,https://data.cdc.gov.tw/en/dataset/daily-cases-suspected-sars-cov-2-infection_tested,Taiwan CDC Open Data Portal
2021-04-04,158.0,,Taiwan,people tested,https://data.cdc.gov.tw/en/dataset/daily-cases-suspected-sars-cov-2-infection_tested,Taiwan CDC Open Data Portal
2021-04-05,303.0,,Taiwan,people tested,https://data.cdc.gov.tw/en/dataset/daily-cases-suspected-sars-cov-2-infection_tested,Taiwan CDC Open Data Portal
2021-04-06,1159.0,,Taiwan,people tested,https://data.cdc.gov.tw/en/dataset/daily-cases-suspected-sars-cov-2-infection_tested,Taiwan CDC Open Data Portal
2021-04-07,658.0,,Taiwan,people tested,https://data.cdc.gov.tw/en/dataset/daily-cases-suspected-sars-cov-2-infection_tested,Taiwan CDC Open Data Portal
2021-04-08,669.0,,Taiwan,people tested,https://data.cdc.gov.tw/en/dataset/daily-cases-suspected-sars-cov-2-infection_tested,Taiwan CDC Open Data Portal
2021-04-09,846.0,,Taiwan,people tested,https://data.cdc.gov.tw/en/dataset/daily-cases-suspected-sars-cov-2-infection_tested,Taiwan CDC Open Data Portal
2021-04-10,230.0,,Taiwan,people tested,https://data.cdc.gov.tw/en/dataset/daily-cases-suspected-sars-cov-2-infection_tested,Taiwan CDC Open Data Portal
2021-04-11,159.0,,Taiwan,people tested,https://data.cdc.gov.tw/en/dataset/daily-cases-suspected-sars-cov-2-infection_tested,Taiwan CDC Open Data Portal
2021-04-12,755.0,,Taiwan,people tested,https://data.cdc.gov.tw/en/dataset/daily-cases-suspected-sars-cov-2-infection_tested,Taiwan CDC Open Data Portal
2021-04-13,538.0,,Taiwan,people tested,https://data.cdc.gov.tw/en/dataset/daily-cases-suspected-sars-cov-2-infection_tested,Taiwan CDC Open Data Portal
2021-04-14,597.0,,Taiwan,people tested,https://data.cdc.gov.tw/en/dataset/daily-cases-suspected-sars-cov-2-infection_tested,Taiwan CDC Open Data Portal
2021-04-15,526.0,,Taiwan,people tested,https://data.cdc.gov.tw/en/dataset/daily-cases-suspected-sars-cov-2-infection_tested,Taiwan CDC Open Data Portal
2021-04-16,547.0,,Taiwan,people tested,https://data.cdc.gov.tw/en/dataset/daily-cases-suspected-sars-cov-2-infection_tested,Taiwan CDC Open Data Portal
2021-04-17,139.0,,Taiwan,people tested,https://data.cdc.gov.tw/en/dataset/daily-cases-suspected-sars-cov-2-infection_tested,Taiwan CDC Open Data Portal
2021-04-18,128.0,,Taiwan,people tested,https://data.cdc.gov.tw/en/dataset/daily-cases-suspected-sars-cov-2-infection_tested,Taiwan CDC Open Data Portal
2021-04-19,719.0,,Taiwan,people tested,https://data.cdc.gov.tw/en/dataset/daily-cases-suspected-sars-cov-2-infection_tested,Taiwan CDC Open Data Portal
2021-04-20,525.0,,Taiwan,people tested,https://data.cdc.gov.tw/en/dataset/daily-cases-suspected-sars-cov-2-infection_tested,Taiwan CDC Open Data Portal
2021-04-21,836.0,,Taiwan,people tested,https://data.cdc.gov.tw/en/dataset/daily-cases-suspected-sars-cov-2-infection_tested,Taiwan CDC Open Data Portal
2021-04-22,670.0,,Taiwan,people tested,https://data.cdc.gov.tw/en/dataset/daily-cases-suspected-sars-cov-2-infection_tested,Taiwan CDC Open Data Portal
2021-04-23,831.0,,Taiwan,people tested,https://data.cdc.gov.tw/en/dataset/daily-cases-suspected-sars-cov-2-infection_tested,Taiwan CDC Open Data Portal
2021-04-24,543.0,,Taiwan,people tested,https://data.cdc.gov.tw/en/dataset/daily-cases-suspected-sars-cov-2-infection_tested,Taiwan CDC Open Data Portal
2021-04-25,613.0,,Taiwan,people tested,https://data.cdc.gov.tw/en/dataset/daily-cases-suspected-sars-cov-2-infection_tested,Taiwan CDC Open Data Portal
2021-04-26,1099.0,,Taiwan,people tested,https://data.cdc.gov.tw/en/dataset/daily-cases-suspected-sars-cov-2-infection_tested,Taiwan CDC Open Data Portal
2021-04-27,752.0,,Taiwan,people tested,https://data.cdc.gov.tw/en/dataset/daily-cases-suspected-sars-cov-2-infection_tested,Taiwan CDC Open Data Portal
2021-04-28,764.0,,Taiwan,people tested,https://data.cdc.gov.tw/en/dataset/daily-cases-suspected-sars-cov-2-infection_tested,Taiwan CDC Open Data Portal
2021-04-29,1143.0,,Taiwan,people tested,https://data.cdc.gov.tw/en/dataset/daily-cases-suspected-sars-cov-2-infection_tested,Taiwan CDC Open Data Portal
2021-04-30,854.0,,Taiwan,people tested,https://data.cdc.gov.tw/en/dataset/daily-cases-suspected-sars-cov-2-infection_tested,Taiwan CDC Open Data Portal
2021-05-01,383.0,,Taiwan,people tested,https://data.cdc.gov.tw/en/dataset/daily-cases-suspected-sars-cov-2-infection_tested,Taiwan CDC Open Data Portal
2021-05-02,418.0,,Taiwan,people tested,https://data.cdc.gov.tw/en/dataset/daily-cases-suspected-sars-cov-2-infection_tested,Taiwan CDC Open Data Portal
2021-05-03,1391.0,,Taiwan,people tested,https://data.cdc.gov.tw/en/dataset/daily-cases-suspected-sars-cov-2-infection_tested,Taiwan CDC Open Data Portal
2021-05-04,988.0,,Taiwan,people tested,https://data.cdc.gov.tw/en/dataset/daily-cases-suspected-sars-cov-2-infection_tested,Taiwan CDC Open Data Portal
2021-05-05,1094.0,,Taiwan,people tested,https://data.cdc.gov.tw/en/dataset/daily-cases-suspected-sars-cov-2-infection_tested,Taiwan CDC Open Data Portal
2021-05-06,1005.0,,Taiwan,people tested,https://data.cdc.gov.tw/en/dataset/daily-cases-suspected-sars-cov-2-infection_tested,Taiwan CDC Open Data Portal
2021-05-07,1066.0,,Taiwan,people tested,https://data.cdc.gov.tw/en/dataset/daily-cases-suspected-sars-cov-2-infection_tested,Taiwan CDC Open Data Portal
2021-05-08,413.0,,Taiwan,people tested,https://data.cdc.gov.tw/en/dataset/daily-cases-suspected-sars-cov-2-infection_tested,Taiwan CDC Open Data Portal
2021-05-09,680.0,,Taiwan,people tested,https://data.cdc.gov.tw/en/dataset/daily-cases-suspected-sars-cov-2-infection_tested,Taiwan CDC Open Data Portal
2021-05-10,1237.0,,Taiwan,people tested,https://data.cdc.gov.tw/en/dataset/daily-cases-suspected-sars-cov-2-infection_tested,Taiwan CDC Open Data Portal
2021-05-11,1217.0,,Taiwan,people tested,https://data.cdc.gov.tw/en/dataset/daily-cases-suspected-sars-cov-2-infection_tested,Taiwan CDC Open Data Portal
2021-05-12,2421.0,,Taiwan,people tested,https://data.cdc.gov.tw/en/dataset/daily-cases-suspected-sars-cov-2-infection_tested,Taiwan CDC Open Data Portal
2021-05-13,3891.0,,Taiwan,people tested,https://data.cdc.gov.tw/en/dataset/daily-cases-suspected-sars-cov-2-infection_tested,Taiwan CDC Open Data Portal
2021-05-14,6141.0,,Taiwan,people tested,https://data.cdc.gov.tw/en/dataset/daily-cases-suspected-sars-cov-2-infection_tested,Taiwan CDC Open Data Portal
2021-05-15,6496.0,,Taiwan,people tested,https://data.cdc.gov.tw/en/dataset/daily-cases-suspected-sars-cov-2-infection_tested,Taiwan CDC Open Data Portal
2021-05-16,8395.0,,Taiwan,people tested,https://data.cdc.gov.tw/en/dataset/daily-cases-suspected-sars-cov-2-infection_tested,Taiwan CDC Open Data Portal
2021-05-17,15432.0,,Taiwan,people tested,https://data.cdc.gov.tw/en/dataset/daily-cases-suspected-sars-cov-2-infection_tested,Taiwan CDC Open Data Portal
2021-05-18,18072.0,,Taiwan,people tested,https://data.cdc.gov.tw/en/dataset/daily-cases-suspected-sars-cov-2-infection_tested,Taiwan CDC Open Data Portal
2021-05-19,17514.0,,Taiwan,people tested,https://data.cdc.gov.tw/en/dataset/daily-cases-suspected-sars-cov-2-infection_tested,Taiwan CDC Open Data Portal
2021-05-20,17881.0,,Taiwan,people tested,https://data.cdc.gov.tw/en/dataset/daily-cases-suspected-sars-cov-2-infection_tested,Taiwan CDC Open Data Portal
2021-05-21,21603.0,,Taiwan,people tested,https://data.cdc.gov.tw/en/dataset/daily-cases-suspected-sars-cov-2-infection_tested,Taiwan CDC Open Data Portal
2021-05-22,14429.0,,Taiwan,people tested,https://data.cdc.gov.tw/en/dataset/daily-cases-suspected-sars-cov-2-infection_tested,Taiwan CDC Open Data Portal
2021-05-23,12854.0,,Taiwan,people tested,https://data.cdc.gov.tw/en/dataset/daily-cases-suspected-sars-cov-2-infection_tested,Taiwan CDC Open Data Portal
2021-05-24,22906.0,,Taiwan,people tested,https://data.cdc.gov.tw/en/dataset/daily-cases-suspected-sars-cov-2-infection_tested,Taiwan CDC Open Data Portal
2021-05-25,24359.0,,Taiwan,people tested,https://data.cdc.gov.tw/en/dataset/daily-cases-suspected-sars-cov-2-infection_tested,Taiwan CDC Open Data Portal
2021-05-26,20843.0,,Taiwan,people tested,https://data.cdc.gov.tw/en/dataset/daily-cases-suspected-sars-cov-2-infection_tested,Taiwan CDC Open Data Portal
2021-05-27,19783.0,,Taiwan,people tested,https://data.cdc.gov.tw/en/dataset/daily-cases-suspected-sars-cov-2-infection_tested,Taiwan CDC Open Data Portal
2021-05-28,30390.0,,Taiwan,people tested,https://data.cdc.gov.tw/en/dataset/daily-cases-suspected-sars-cov-2-infection_tested,Taiwan CDC Open Data Portal
2021-05-29,18535.0,,Taiwan,people tested,https://data.cdc.gov.tw/en/dataset/daily-cases-suspected-sars-cov-2-infection_tested,Taiwan CDC Open Data Portal
2021-05-30,12849.0,,Taiwan,people tested,https://data.cdc.gov.tw/en/dataset/daily-cases-suspected-sars-cov-2-infection_tested,Taiwan CDC Open Data Portal
2021-05-31,28428.0,,Taiwan,people tested,https://data.cdc.gov.tw/en/dataset/daily-cases-suspected-sars-cov-2-infection_tested,Taiwan CDC Open Data Portal
2021-06-01,28933.0,,Taiwan,people tested,https://data.cdc.gov.tw/en/dataset/daily-cases-suspected-sars-cov-2-infection_tested,Taiwan CDC Open Data Portal
2021-06-02,29076.0,,Taiwan,people tested,https://data.cdc.gov.tw/en/dataset/daily-cases-suspected-sars-cov-2-infection_tested,Taiwan CDC Open Data Portal
2021-06-03,28436.0,,Taiwan,people tested,https://data.cdc.gov.tw/en/dataset/daily-cases-suspected-sars-cov-2-infection_tested,Taiwan CDC Open Data Portal
2021-06-04,30936.0,,Taiwan,people tested,https://data.cdc.gov.tw/en/dataset/daily-cases-suspected-sars-cov-2-infection_tested,Taiwan CDC Open Data Portal
2021-06-05,19504.0,,Taiwan,people tested,https://data.cdc.gov.tw/en/dataset/daily-cases-suspected-sars-cov-2-infection_tested,Taiwan CDC Open Data Portal
2021-06-06,15371.0,,Taiwan,people tested,https://data.cdc.gov.tw/en/dataset/daily-cases-suspected-sars-cov-2-infection_tested,Taiwan CDC Open Data Portal
2021-06-07,34337.0,,Taiwan,people tested,https://data.cdc.gov.tw/en/dataset/daily-cases-suspected-sars-cov-2-infection_tested,Taiwan CDC Open Data Portal
2021-06-08,31911.0,,Taiwan,people tested,https://data.cdc.gov.tw/en/dataset/daily-cases-suspected-sars-cov-2-infection_tested,Taiwan CDC Open Data Portal
2021-06-09,33773.0,,Taiwan,people tested,https://data.cdc.gov.tw/en/dataset/daily-cases-suspected-sars-cov-2-infection_tested,Taiwan CDC Open Data Portal
2021-06-10,34318.0,,Taiwan,people tested,https://data.cdc.gov.tw/en/dataset/daily-cases-suspected-sars-cov-2-infection_tested,Taiwan CDC Open Data Portal
2021-06-11,37334.0,,Taiwan,people tested,https://data.cdc.gov.tw/en/dataset/daily-cases-suspected-sars-cov-2-infection_tested,Taiwan CDC Open Data Portal
2021-06-12,21908.0,,Taiwan,people tested,https://data.cdc.gov.tw/en/dataset/daily-cases-suspected-sars-cov-2-infection_tested,Taiwan CDC Open Data Portal
2021-06-13,15826.0,,Taiwan,people tested,https://data.cdc.gov.tw/en/dataset/daily-cases-suspected-sars-cov-2-infection_tested,Taiwan CDC Open Data Portal
2021-06-14,19201.0,,Taiwan,people tested,https://data.cdc.gov.tw/en/dataset/daily-cases-suspected-sars-cov-2-infection_tested,Taiwan CDC Open Data Portal
2021-06-15,30717.0,,Taiwan,people tested,https://data.cdc.gov.tw/en/dataset/daily-cases-suspected-sars-cov-2-infection_tested,Taiwan CDC Open Data Portal
2021-06-16,33851.0,,Taiwan,people tested,https://data.cdc.gov.tw/en/dataset/daily-cases-suspected-sars-cov-2-infection_tested,Taiwan CDC Open Data Portal
2021-06-17,36908.0,,Taiwan,people tested,https://data.cdc.gov.tw/en/dataset/daily-cases-suspected-sars-cov-2-infection_tested,Taiwan CDC Open Data Portal
2021-06-18,32326.0,,Taiwan,people tested,https://data.cdc.gov.tw/en/dataset/daily-cases-suspected-sars-cov-2-infection_tested,Taiwan CDC Open Data Portal
2021-06-19,18348.0,,Taiwan,people tested,https://data.cdc.gov.tw/en/dataset/daily-cases-suspected-sars-cov-2-infection_tested,Taiwan CDC Open Data Portal
2021-06-20,13986.0,,Taiwan,people tested,https://data.cdc.gov.tw/en/dataset/daily-cases-suspected-sars-cov-2-infection_tested,Taiwan CDC Open Data Portal
2021-06-21,32397.0,,Taiwan,people tested,https://data.cdc.gov.tw/en/dataset/daily-cases-suspected-sars-cov-2-infection_tested,Taiwan CDC Open Data Portal
2021-06-22,34802.0,,Taiwan,people tested,https://data.cdc.gov.tw/en/dataset/daily-cases-suspected-sars-cov-2-infection_tested,Taiwan CDC Open Data Portal
2021-06-23,32464.0,,Taiwan,people tested,https://data.cdc.gov.tw/en/dataset/daily-cases-suspected-sars-cov-2-infection_tested,Taiwan CDC Open Data Portal
2021-06-24,33017.0,,Taiwan,people tested,https://data.cdc.gov.tw/en/dataset/daily-cases-suspected-sars-cov-2-infection_tested,Taiwan CDC Open Data Portal
2021-06-25,30043.0,,Taiwan,people tested,https://data.cdc.gov.tw/en/dataset/daily-cases-suspected-sars-cov-2-infection_tested,Taiwan CDC Open Data Portal
2021-06-26,20093.0,,Taiwan,people tested,https://data.cdc.gov.tw/en/dataset/daily-cases-suspected-sars-cov-2-infection_tested,Taiwan CDC Open Data Portal
2021-06-27,14241.0,,Taiwan,people tested,https://data.cdc.gov.tw/en/dataset/daily-cases-suspected-sars-cov-2-infection_tested,Taiwan CDC Open Data Portal
2021-06-28,37365.0,,Taiwan,people tested,https://data.cdc.gov.tw/en/dataset/daily-cases-suspected-sars-cov-2-infection_tested,Taiwan CDC Open Data Portal
2021-06-29,34428.0,,Taiwan,people tested,https://data.cdc.gov.tw/en/dataset/daily-cases-suspected-sars-cov-2-infection_tested,Taiwan CDC Open Data Portal
2021-06-30,30914.0,,Taiwan,people tested,https://data.cdc.gov.tw/en/dataset/daily-cases-suspected-sars-cov-2-infection_tested,Taiwan CDC Open Data Portal
2021-07-01,29791.0,,Taiwan,people tested,https://data.cdc.gov.tw/en/dataset/daily-cases-suspected-sars-cov-2-infection_tested,Taiwan CDC Open Data Portal
2021-07-02,28066.0,,Taiwan,people tested,https://data.cdc.gov.tw/en/dataset/daily-cases-suspected-sars-cov-2-infection_tested,Taiwan CDC Open Data Portal
2021-07-03,19341.0,,Taiwan,people tested,https://data.cdc.gov.tw/en/dataset/daily-cases-suspected-sars-cov-2-infection_tested,Taiwan CDC Open Data Portal
2021-07-04,16410.0,,Taiwan,people tested,https://data.cdc.gov.tw/en/dataset/daily-cases-suspected-sars-cov-2-infection_tested,Taiwan CDC Open Data Portal
2021-07-05,33423.0,,Taiwan,people tested,https://data.cdc.gov.tw/en/dataset/daily-cases-suspected-sars-cov-2-infection_tested,Taiwan CDC Open Data Portal
2021-07-06,26399.0,,Taiwan,people tested,https://data.cdc.gov.tw/en/dataset/daily-cases-suspected-sars-cov-2-infection_tested,Taiwan CDC Open Data Portal
2021-07-07,26895.0,,Taiwan,people tested,https://data.cdc.gov.tw/en/dataset/daily-cases-suspected-sars-cov-2-infection_tested,Taiwan CDC Open Data Portal
2021-07-08,24427.0,,Taiwan,people tested,https://data.cdc.gov.tw/en/dataset/daily-cases-suspected-sars-cov-2-infection_tested,Taiwan CDC Open Data Portal
2021-07-09,23405.0,,Taiwan,people tested,https://data.cdc.gov.tw/en/dataset/daily-cases-suspected-sars-cov-2-infection_tested,Taiwan CDC Open Data Portal
2021-07-10,16941.0,,Taiwan,people tested,https://data.cdc.gov.tw/en/dataset/daily-cases-suspected-sars-cov-2-infection_tested,Taiwan CDC Open Data Portal
2021-07-11,13527.0,,Taiwan,people tested,https://data.cdc.gov.tw/en/dataset/daily-cases-suspected-sars-cov-2-infection_tested,Taiwan CDC Open Data Portal
2021-07-12,27848.0,,Taiwan,people tested,https://data.cdc.gov.tw/en/dataset/daily-cases-suspected-sars-cov-2-infection_tested,Taiwan CDC Open Data Portal
2021-07-13,22985.0,,Taiwan,people tested,https://data.cdc.gov.tw/en/dataset/daily-cases-suspected-sars-cov-2-infection_tested,Taiwan CDC Open Data Portal
2021-07-14,22455.0,,Taiwan,people tested,https://data.cdc.gov.tw/en/dataset/daily-cases-suspected-sars-cov-2-infection_tested,Taiwan CDC Open Data Portal
2021-07-15,18515.0,,Taiwan,people tested,https://data.cdc.gov.tw/en/dataset/daily-cases-suspected-sars-cov-2-infection_tested,Taiwan CDC Open Data Portal
2021-07-16,23470.0,,Taiwan,people tested,https://data.cdc.gov.tw/en/dataset/daily-cases-suspected-sars-cov-2-infection_tested,Taiwan CDC Open Data Portal
2021-07-17,15897.0,,Taiwan,people tested,https://data.cdc.gov.tw/en/dataset/daily-cases-suspected-sars-cov-2-infection_tested,Taiwan CDC Open Data Portal
2021-07-18,12576.0,,Taiwan,people tested,https://data.cdc.gov.tw/en/dataset/daily-cases-suspected-sars-cov-2-infection_tested,Taiwan CDC Open Data Portal
2021-07-19,27544.0,,Taiwan,people tested,https://data.cdc.gov.tw/en/dataset/daily-cases-suspected-sars-cov-2-infection_tested,Taiwan CDC Open Data Portal
2021-07-20,24259.0,,Taiwan,people tested,https://data.cdc.gov.tw/en/dataset/daily-cases-suspected-sars-cov-2-infection_tested,Taiwan CDC Open Data Portal
2021-07-21,25214.0,,Taiwan,people tested,https://data.cdc.gov.tw/en/dataset/daily-cases-suspected-sars-cov-2-infection_tested,Taiwan CDC Open Data Portal
2021-07-22,19646.0,,Taiwan,people tested,https://data.cdc.gov.tw/en/dataset/daily-cases-suspected-sars-cov-2-infection_tested,Taiwan CDC Open Data Portal
2021-07-23,20521.0,,Taiwan,people tested,https://data.cdc.gov.tw/en/dataset/daily-cases-suspected-sars-cov-2-infection_tested,Taiwan CDC Open Data Portal
2021-07-24,14628.0,,Taiwan,people tested,https://data.cdc.gov.tw/en/dataset/daily-cases-suspected-sars-cov-2-infection_tested,Taiwan CDC Open Data Portal
2021-07-25,13083.0,,Taiwan,people tested,https://data.cdc.gov.tw/en/dataset/daily-cases-suspected-sars-cov-2-infection_tested,Taiwan CDC Open Data Portal
2021-07-26,28813.0,,Taiwan,people tested,https://data.cdc.gov.tw/en/dataset/daily-cases-suspected-sars-cov-2-infection_tested,Taiwan CDC Open Data Portal
2021-07-27,25039.0,,Taiwan,people tested,https://data.cdc.gov.tw/en/dataset/daily-cases-suspected-sars-cov-2-infection_tested,Taiwan CDC Open Data Portal
2021-07-28,23667.0,,Taiwan,people tested,https://data.cdc.gov.tw/en/dataset/daily-cases-suspected-sars-cov-2-infection_tested,Taiwan CDC Open Data Portal
2021-07-29,20570.0,,Taiwan,people tested,https://data.cdc.gov.tw/en/dataset/daily-cases-suspected-sars-cov-2-infection_tested,Taiwan CDC Open Data Portal
2021-07-30,25805.0,,Taiwan,people tested,https://data.cdc.gov.tw/en/dataset/daily-cases-suspected-sars-cov-2-infection_tested,Taiwan CDC Open Data Portal
2021-07-31,17523.0,,Taiwan,people tested,https://data.cdc.gov.tw/en/dataset/daily-cases-suspected-sars-cov-2-infection_tested,Taiwan CDC Open Data Portal
2021-08-01,13009.0,,Taiwan,people tested,https://data.cdc.gov.tw/en/dataset/daily-cases-suspected-sars-cov-2-infection_tested,Taiwan CDC Open Data Portal
2021-08-02,28420.0,,Taiwan,people tested,https://data.cdc.gov.tw/en/dataset/daily-cases-suspected-sars-cov-2-infection_tested,Taiwan CDC Open Data Portal
2021-08-03,24291.0,,Taiwan,people tested,https://data.cdc.gov.tw/en/dataset/daily-cases-suspected-sars-cov-2-infection_tested,Taiwan CDC Open Data Portal
2021-08-04,23332.0,,Taiwan,people tested,https://data.cdc.gov.tw/en/dataset/daily-cases-suspected-sars-cov-2-infection_tested,Taiwan CDC Open Data Portal
2021-08-05,18360.0,,Taiwan,people tested,https://data.cdc.gov.tw/en/dataset/daily-cases-suspected-sars-cov-2-infection_tested,Taiwan CDC Open Data Portal
2021-08-06,22651.0,,Taiwan,people tested,https://data.cdc.gov.tw/en/dataset/daily-cases-suspected-sars-cov-2-infection_tested,Taiwan CDC Open Data Portal
2021-08-07,14345.0,,Taiwan,people tested,https://data.cdc.gov.tw/en/dataset/daily-cases-suspected-sars-cov-2-infection_tested,Taiwan CDC Open Data Portal
2021-08-08,12554.0,,Taiwan,people tested,https://data.cdc.gov.tw/en/dataset/daily-cases-suspected-sars-cov-2-infection_tested,Taiwan CDC Open Data Portal
2021-08-09,26434.0,,Taiwan,people tested,https://data.cdc.gov.tw/en/dataset/daily-cases-suspected-sars-cov-2-infection_tested,Taiwan CDC Open Data Portal
2021-08-10,23073.0,,Taiwan,people tested,https://data.cdc.gov.tw/en/dataset/daily-cases-suspected-sars-cov-2-infection_tested,Taiwan CDC Open Data Portal
2021-08-11,22490.0,,Taiwan,people tested,https://data.cdc.gov.tw/en/dataset/daily-cases-suspected-sars-cov-2-infection_tested,Taiwan CDC Open Data Portal
2021-08-12,18063.0,,Taiwan,people tested,https://data.cdc.gov.tw/en/dataset/daily-cases-suspected-sars-cov-2-infection_tested,Taiwan CDC Open Data Portal
2021-08-13,22746.0,,Taiwan,people tested,https://data.cdc.gov.tw/en/dataset/daily-cases-suspected-sars-cov-2-infection_tested,Taiwan CDC Open Data Portal
2021-08-14,16304.0,,Taiwan,people tested,https://data.cdc.gov.tw/en/dataset/daily-cases-suspected-sars-cov-2-infection_tested,Taiwan CDC Open Data Portal
2021-08-15,12754.0,,Taiwan,people tested,https://data.cdc.gov.tw/en/dataset/daily-cases-suspected-sars-cov-2-infection_tested,Taiwan CDC Open Data Portal
2021-08-16,25879.0,,Taiwan,people tested,https://data.cdc.gov.tw/en/dataset/daily-cases-suspected-sars-cov-2-infection_tested,Taiwan CDC Open Data Portal
2021-08-17,23029.0,,Taiwan,people tested,https://data.cdc.gov.tw/en/dataset/daily-cases-suspected-sars-cov-2-infection_tested,Taiwan CDC Open Data Portal
2021-08-18,23158.0,,Taiwan,people tested,https://data.cdc.gov.tw/en/dataset/daily-cases-suspected-sars-cov-2-infection_tested,Taiwan CDC Open Data Portal
2021-08-19,19800.0,,Taiwan,people tested,https://data.cdc.gov.tw/en/dataset/daily-cases-suspected-sars-cov-2-infection_tested,Taiwan CDC Open Data Portal
2021-08-20,21793.0,,Taiwan,people tested,https://data.cdc.gov.tw/en/dataset/daily-cases-suspected-sars-cov-2-infection_tested,Taiwan CDC Open Data Portal
2021-08-21,15884.0,,Taiwan,people tested,https://data.cdc.gov.tw/en/dataset/daily-cases-suspected-sars-cov-2-infection_tested,Taiwan CDC Open Data Portal
2021-08-22,11999.0,,Taiwan,people tested,https://data.cdc.gov.tw/en/dataset/daily-cases-suspected-sars-cov-2-infection_tested,Taiwan CDC Open Data Portal
2021-08-23,26142.0,,Taiwan,people tested,https://data.cdc.gov.tw/en/dataset/daily-cases-suspected-sars-cov-2-infection_tested,Taiwan CDC Open Data Portal
2021-08-24,23756.0,,Taiwan,people tested,https://data.cdc.gov.tw/en/dataset/daily-cases-suspected-sars-cov-2-infection_tested,Taiwan CDC Open Data Portal
2021-08-25,24118.0,,Taiwan,people tested,https://data.cdc.gov.tw/en/dataset/daily-cases-suspected-sars-cov-2-infection_tested,Taiwan CDC Open Data Portal
2021-08-26,20243.0,,Taiwan,people tested,https://data.cdc.gov.tw/en/dataset/daily-cases-suspected-sars-cov-2-infection_tested,Taiwan CDC Open Data Portal
2021-08-27,23275.0,,Taiwan,people tested,https://data.cdc.gov.tw/en/dataset/daily-cases-suspected-sars-cov-2-infection_tested,Taiwan CDC Open Data Portal
2021-08-28,17483.0,,Taiwan,people tested,https://data.cdc.gov.tw/en/dataset/daily-cases-suspected-sars-cov-2-infection_tested,Taiwan CDC Open Data Portal
2021-08-29,13036.0,,Taiwan,people tested,https://data.cdc.gov.tw/en/dataset/daily-cases-suspected-sars-cov-2-infection_tested,Taiwan CDC Open Data Portal
2021-08-30,32010.0,,Taiwan,people tested,https://data.cdc.gov.tw/en/dataset/daily-cases-suspected-sars-cov-2-infection_tested,Taiwan CDC Open Data Portal
2021-08-31,28547.0,,Taiwan,people tested,https://data.cdc.gov.tw/en/dataset/daily-cases-suspected-sars-cov-2-infection_tested,Taiwan CDC Open Data Portal
2021-09-01,25584.0,,Taiwan,people tested,https://data.cdc.gov.tw/en/dataset/daily-cases-suspected-sars-cov-2-infection_tested,Taiwan CDC Open Data Portal
2021-09-02,20839.0,,Taiwan,people tested,https://data.cdc.gov.tw/en/dataset/daily-cases-suspected-sars-cov-2-infection_tested,Taiwan CDC Open Data Portal
2021-09-03,27122.0,,Taiwan,people tested,https://data.cdc.gov.tw/en/dataset/daily-cases-suspected-sars-cov-2-infection_tested,Taiwan CDC Open Data Portal
2021-09-04,20119.0,,Taiwan,people tested,https://data.cdc.gov.tw/en/dataset/daily-cases-suspected-sars-cov-2-infection_tested,Taiwan CDC Open Data Portal
2021-09-05,16385.0,,Taiwan,people tested,https://data.cdc.gov.tw/en/dataset/daily-cases-suspected-sars-cov-2-infection_tested,Taiwan CDC Open Data Portal
2021-09-06,34709.0,,Taiwan,people tested,https://data.cdc.gov.tw/en/dataset/daily-cases-suspected-sars-cov-2-infection_tested,Taiwan CDC Open Data Portal
2021-09-07,30583.0,,Taiwan,people tested,https://data.cdc.gov.tw/en/dataset/daily-cases-suspected-sars-cov-2-infection_tested,Taiwan CDC Open Data Portal
2021-09-08,29855.0,,Taiwan,people tested,https://data.cdc.gov.tw/en/dataset/daily-cases-suspected-sars-cov-2-infection_tested,Taiwan CDC Open Data Portal
2021-09-09,24870.0,,Taiwan,people tested,https://data.cdc.gov.tw/en/dataset/daily-cases-suspected-sars-cov-2-infection_tested,Taiwan CDC Open Data Portal
2021-09-10,29325.0,,Taiwan,people tested,https://data.cdc.gov.tw/en/dataset/daily-cases-suspected-sars-cov-2-infection_tested,Taiwan CDC Open Data Portal
2021-09-11,22050.0,,Taiwan,people tested,https://data.cdc.gov.tw/en/dataset/daily-cases-suspected-sars-cov-2-infection_tested,Taiwan CDC Open Data Portal
2021-09-12,9892.0,,Taiwan,people tested,https://data.cdc.gov.tw/en/dataset/daily-cases-suspected-sars-cov-2-infection_tested,Taiwan CDC Open Data Portal
2021-09-13,31057.0,,Taiwan,people tested,https://data.cdc.gov.tw/en/dataset/daily-cases-suspected-sars-cov-2-infection_tested,Taiwan CDC Open Data Portal
2021-09-14,26359.0,,Taiwan,people tested,https://data.cdc.gov.tw/en/dataset/daily-cases-suspected-sars-cov-2-infection_tested,Taiwan CDC Open Data Portal
2021-09-15,25134.0,,Taiwan,people tested,https://data.cdc.gov.tw/en/dataset/daily-cases-suspected-sars-cov-2-infection_tested,Taiwan CDC Open Data Portal
2021-09-16,21348.0,,Taiwan,people tested,https://data.cdc.gov.tw/en/dataset/daily-cases-suspected-sars-cov-2-infection_tested,Taiwan CDC Open Data Portal
2021-09-17,20163.0,,Taiwan,people tested,https://data.cdc.gov.tw/en/dataset/daily-cases-suspected-sars-cov-2-infection_tested,Taiwan CDC Open Data Portal
2021-09-18,15376.0,,Taiwan,people tested,https://data.cdc.gov.tw/en/dataset/daily-cases-suspected-sars-cov-2-infection_tested,Taiwan CDC Open Data Portal
2021-09-19,12892.0,,Taiwan,people tested,https://data.cdc.gov.tw/en/dataset/daily-cases-suspected-sars-cov-2-infection_tested,Taiwan CDC Open Data Portal
2021-09-20,22756.0,,Taiwan,people tested,https://data.cdc.gov.tw/en/dataset/daily-cases-suspected-sars-cov-2-infection_tested,Taiwan CDC Open Data Portal
2021-09-21,14319.0,,Taiwan,people tested,https://data.cdc.gov.tw/en/dataset/daily-cases-suspected-sars-cov-2-infection_tested,Taiwan CDC Open Data Portal
2021-09-22,29230.0,,Taiwan,people tested,https://data.cdc.gov.tw/en/dataset/daily-cases-suspected-sars-cov-2-infection_tested,Taiwan CDC Open Data Portal
2021-09-23,20624.0,,Taiwan,people tested,https://data.cdc.gov.tw/en/dataset/daily-cases-suspected-sars-cov-2-infection_tested,Taiwan CDC Open Data Portal
2021-09-24,27852.0,,Taiwan,people tested,https://data.cdc.gov.tw/en/dataset/daily-cases-suspected-sars-cov-2-infection_tested,Taiwan CDC Open Data Portal
2021-09-25,19848.0,,Taiwan,people tested,https://data.cdc.gov.tw/en/dataset/daily-cases-suspected-sars-cov-2-infection_tested,Taiwan CDC Open Data Portal
2021-09-26,14698.0,,Taiwan,people tested,https://data.cdc.gov.tw/en/dataset/daily-cases-suspected-sars-cov-2-infection_tested,Taiwan CDC Open Data Portal
2021-09-27,30711.0,,Taiwan,people tested,https://data.cdc.gov.tw/en/dataset/daily-cases-suspected-sars-cov-2-infection_tested,Taiwan CDC Open Data Portal
2021-09-28,25129.0,,Taiwan,people tested,https://data.cdc.gov.tw/en/dataset/daily-cases-suspected-sars-cov-2-infection_tested,Taiwan CDC Open Data Portal
2021-09-29,24493.0,,Taiwan,people tested,https://data.cdc.gov.tw/en/dataset/daily-cases-suspected-sars-cov-2-infection_tested,Taiwan CDC Open Data Portal
2021-09-30,19966.0,,Taiwan,people tested,https://data.cdc.gov.tw/en/dataset/daily-cases-suspected-sars-cov-2-infection_tested,Taiwan CDC Open Data Portal
2021-10-01,23717.0,,Taiwan,people tested,https://data.cdc.gov.tw/en/dataset/daily-cases-suspected-sars-cov-2-infection_tested,Taiwan CDC Open Data Portal
2021-10-02,17970.0,,Taiwan,people tested,https://data.cdc.gov.tw/en/dataset/daily-cases-suspected-sars-cov-2-infection_tested,Taiwan CDC Open Data Portal
2021-10-03,12992.0,,Taiwan,people tested,https://data.cdc.gov.tw/en/dataset/daily-cases-suspected-sars-cov-2-infection_tested,Taiwan CDC Open Data Portal
2021-10-04,27757.0,,Taiwan,people tested,https://data.cdc.gov.tw/en/dataset/daily-cases-suspected-sars-cov-2-infection_tested,Taiwan CDC Open Data Portal
2021-10-05,23234.0,,Taiwan,people tested,https://data.cdc.gov.tw/en/dataset/daily-cases-suspected-sars-cov-2-infection_tested,Taiwan CDC Open Data Portal
2021-10-06,22552.0,,Taiwan,people tested,https://data.cdc.gov.tw/en/dataset/daily-cases-suspected-sars-cov-2-infection_tested,Taiwan CDC Open Data Portal
2021-10-07,18369.0,,Taiwan,people tested,https://data.cdc.gov.tw/en/dataset/daily-cases-suspected-sars-cov-2-infection_tested,Taiwan CDC Open Data Portal
2021-10-08,21336.0,,Taiwan,people tested,https://data.cdc.gov.tw/en/dataset/daily-cases-suspected-sars-cov-2-infection_tested,Taiwan CDC Open Data Portal
2021-10-09,16724.0,,Taiwan,people tested,https://data.cdc.gov.tw/en/dataset/daily-cases-suspected-sars-cov-2-infection_tested,Taiwan CDC Open Data Portal
2021-10-10,11962.0,,Taiwan,people tested,https://data.cdc.gov.tw/en/dataset/daily-cases-suspected-sars-cov-2-infection_tested,Taiwan CDC Open Data Portal
2021-10-11,19801.0,,Taiwan,people tested,https://data.cdc.gov.tw/en/dataset/daily-cases-suspected-sars-cov-2-infection_tested,Taiwan CDC Open Data Portal
2021-10-12,25772.0,,Taiwan,people tested,https://data.cdc.gov.tw/en/dataset/daily-cases-suspected-sars-cov-2-infection_tested,Taiwan CDC Open Data Portal
2021-10-13,21860.0,,Taiwan,people tested,https://data.cdc.gov.tw/en/dataset/daily-cases-suspected-sars-cov-2-infection_tested,Taiwan CDC Open Data Portal
2021-10-14,17435.0,,Taiwan,people tested,https://data.cdc.gov.tw/en/dataset/daily-cases-suspected-sars-cov-2-infection_tested,Taiwan CDC Open Data Portal
2021-10-15,23171.0,,Taiwan,people tested,https://data.cdc.gov.tw/en/dataset/daily-cases-suspected-sars-cov-2-infection_tested,Taiwan CDC Open Data Portal
2021-10-16,16230.0,,Taiwan,people tested,https://data.cdc.gov.tw/en/dataset/daily-cases-suspected-sars-cov-2-infection_tested,Taiwan CDC Open Data Portal
2021-10-17,11090.0,,Taiwan,people tested,https://data.cdc.gov.tw/en/dataset/daily-cases-suspected-sars-cov-2-infection_tested,Taiwan CDC Open Data Portal
2021-10-18,23697.0,,Taiwan,people tested,https://data.cdc.gov.tw/en/dataset/daily-cases-suspected-sars-cov-2-infection_tested,Taiwan CDC Open Data Portal
2021-10-19,19059.0,,Taiwan,people tested,https://data.cdc.gov.tw/en/dataset/daily-cases-suspected-sars-cov-2-infection_tested,Taiwan CDC Open Data Portal
2021-10-20,19967.0,,Taiwan,people tested,https://data.cdc.gov.tw/en/dataset/daily-cases-suspected-sars-cov-2-infection_tested,Taiwan CDC Open Data Portal
2021-10-21,15537.0,,Taiwan,people tested,https://data.cdc.gov.tw/en/dataset/daily-cases-suspected-sars-cov-2-infection_tested,Taiwan CDC Open Data Portal
2021-10-22,18633.0,,Taiwan,people tested,https://data.cdc.gov.tw/en/dataset/daily-cases-suspected-sars-cov-2-infection_tested,Taiwan CDC Open Data Portal
2021-10-23,14048.0,,Taiwan,people tested,https://data.cdc.gov.tw/en/dataset/daily-cases-suspected-sars-cov-2-infection_tested,Taiwan CDC Open Data Portal
2021-10-24,10175.0,,Taiwan,people tested,https://data.cdc.gov.tw/en/dataset/daily-cases-suspected-sars-cov-2-infection_tested,Taiwan CDC Open Data Portal
2021-10-25,22507.0,,Taiwan,people tested,https://data.cdc.gov.tw/en/dataset/daily-cases-suspected-sars-cov-2-infection_tested,Taiwan CDC Open Data Portal
2021-10-26,18365.0,,Taiwan,people tested,https://data.cdc.gov.tw/en/dataset/daily-cases-suspected-sars-cov-2-infection_tested,Taiwan CDC Open Data Portal
2021-10-27,18418.0,,Taiwan,people tested,https://data.cdc.gov.tw/en/dataset/daily-cases-suspected-sars-cov-2-infection_tested,Taiwan CDC Open Data Portal
2021-10-28,15463.0,,Taiwan,people tested,https://data.cdc.gov.tw/en/dataset/daily-cases-suspected-sars-cov-2-infection_tested,Taiwan CDC Open Data Portal
2021-10-29,19080.0,,Taiwan,people tested,https://data.cdc.gov.tw/en/dataset/daily-cases-suspected-sars-cov-2-infection_tested,Taiwan CDC Open Data Portal
2021-10-30,14697.0,,Taiwan,people tested,https://data.cdc.gov.tw/en/dataset/daily-cases-suspected-sars-cov-2-infection_tested,Taiwan CDC Open Data Portal
2021-10-31,11066.0,,Taiwan,people tested,https://data.cdc.gov.tw/en/dataset/daily-cases-suspected-sars-cov-2-infection_tested,Taiwan CDC Open Data Portal
2021-11-01,23531.0,,Taiwan,people tested,https://data.cdc.gov.tw/en/dataset/daily-cases-suspected-sars-cov-2-infection_tested,Taiwan CDC Open Data Portal
2021-11-02,19216.0,,Taiwan,people tested,https://data.cdc.gov.tw/en/dataset/daily-cases-suspected-sars-cov-2-infection_tested,Taiwan CDC Open Data Portal
2021-11-03,19016.0,,Taiwan,people tested,https://data.cdc.gov.tw/en/dataset/daily-cases-suspected-sars-cov-2-infection_tested,Taiwan CDC Open Data Portal
2021-11-04,15493.0,,Taiwan,people tested,https://data.cdc.gov.tw/en/dataset/daily-cases-suspected-sars-cov-2-infection_tested,Taiwan CDC Open Data Portal
2021-11-05,20443.0,,Taiwan,people tested,https://data.cdc.gov.tw/en/dataset/daily-cases-suspected-sars-cov-2-infection_tested,Taiwan CDC Open Data Portal
2021-11-06,14725.0,,Taiwan,people tested,https://data.cdc.gov.tw/en/dataset/daily-cases-suspected-sars-cov-2-infection_tested,Taiwan CDC Open Data Portal
2021-11-07,10691.0,,Taiwan,people tested,https://data.cdc.gov.tw/en/dataset/daily-cases-suspected-sars-cov-2-infection_tested,Taiwan CDC Open Data Portal
2021-11-08,20314.0,,Taiwan,people tested,https://data.cdc.gov.tw/en/dataset/daily-cases-suspected-sars-cov-2-infection_tested,Taiwan CDC Open Data Portal
2021-11-09,16868.0,,Taiwan,people tested,https://data.cdc.gov.tw/en/dataset/daily-cases-suspected-sars-cov-2-infection_tested,Taiwan CDC Open Data Portal
2021-11-10,17286.0,,Taiwan,people tested,https://data.cdc.gov.tw/en/dataset/daily-cases-suspected-sars-cov-2-infection_tested,Taiwan CDC Open Data Portal
2021-11-11,13964.0,,Taiwan,people tested,https://data.cdc.gov.tw/en/dataset/daily-cases-suspected-sars-cov-2-infection_tested,Taiwan CDC Open Data Portal
2021-11-12,17355.0,,Taiwan,people tested,https://data.cdc.gov.tw/en/dataset/daily-cases-suspected-sars-cov-2-infection_tested,Taiwan CDC Open Data Portal
2021-11-13,12884.0,,Taiwan,people tested,https://data.cdc.gov.tw/en/dataset/daily-cases-suspected-sars-cov-2-infection_tested,Taiwan CDC Open Data Portal
2021-11-14,9801.0,,Taiwan,people tested,https://data.cdc.gov.tw/en/dataset/daily-cases-suspected-sars-cov-2-infection_tested,Taiwan CDC Open Data Portal
2021-11-15,22319.0,,Taiwan,people tested,https://data.cdc.gov.tw/en/dataset/daily-cases-suspected-sars-cov-2-infection_tested,Taiwan CDC Open Data Portal
2021-11-16,18244.0,,Taiwan,people tested,https://data.cdc.gov.tw/en/dataset/daily-cases-suspected-sars-cov-2-infection_tested,Taiwan CDC Open Data Portal
2021-11-17,17297.0,,Taiwan,people tested,https://data.cdc.gov.tw/en/dataset/daily-cases-suspected-sars-cov-2-infection_tested,Taiwan CDC Open Data Portal
2021-11-18,14286.0,,Taiwan,people tested,https://data.cdc.gov.tw/en/dataset/daily-cases-suspected-sars-cov-2-infection_tested,Taiwan CDC Open Data Portal
2021-11-19,17605.0,,Taiwan,people tested,https://data.cdc.gov.tw/en/dataset/daily-cases-suspected-sars-cov-2-infection_tested,Taiwan CDC Open Data Portal
2021-11-20,13038.0,,Taiwan,people tested,https://data.cdc.gov.tw/en/dataset/daily-cases-suspected-sars-cov-2-infection_tested,Taiwan CDC Open Data Portal
2021-11-21,10328.0,,Taiwan,people tested,https://data.cdc.gov.tw/en/dataset/daily-cases-suspected-sars-cov-2-infection_tested,Taiwan CDC Open Data Portal
2021-11-22,20045.0,,Taiwan,people tested,https://data.cdc.gov.tw/en/dataset/daily-cases-suspected-sars-cov-2-infection_tested,Taiwan CDC Open Data Portal
2021-11-23,16740.0,,Taiwan,people tested,https://data.cdc.gov.tw/en/dataset/daily-cases-suspected-sars-cov-2-infection_tested,Taiwan CDC Open Data Portal
2021-11-24,16566.0,,Taiwan,people tested,https://data.cdc.gov.tw/en/dataset/daily-cases-suspected-sars-cov-2-infection_tested,Taiwan CDC Open Data Portal
2021-11-25,14212.0,,Taiwan,people tested,https://data.cdc.gov.tw/en/dataset/daily-cases-suspected-sars-cov-2-infection_tested,Taiwan CDC Open Data Portal
2021-11-26,18662.0,,Taiwan,people tested,https://data.cdc.gov.tw/en/dataset/daily-cases-suspected-sars-cov-2-infection_tested,Taiwan CDC Open Data Portal
2021-11-27,12820.0,,Taiwan,people tested,https://data.cdc.gov.tw/en/dataset/daily-cases-suspected-sars-cov-2-infection_tested,Taiwan CDC Open Data Portal
2021-11-28,9791.0,,Taiwan,people tested,https://data.cdc.gov.tw/en/dataset/daily-cases-suspected-sars-cov-2-infection_tested,Taiwan CDC Open Data Portal
2021-11-29,22294.0,,Taiwan,people tested,https://data.cdc.gov.tw/en/dataset/daily-cases-suspected-sars-cov-2-infection_tested,Taiwan CDC Open Data Portal
2021-11-30,17357.0,,Taiwan,people tested,https://data.cdc.gov.tw/en/dataset/daily-cases-suspected-sars-cov-2-infection_tested,Taiwan CDC Open Data Portal
2021-12-01,17078.0,,Taiwan,people tested,https://data.cdc.gov.tw/en/dataset/daily-cases-suspected-sars-cov-2-infection_tested,Taiwan CDC Open Data Portal
2021-12-02,13377.0,,Taiwan,people tested,https://data.cdc.gov.tw/en/dataset/daily-cases-suspected-sars-cov-2-infection_tested,Taiwan CDC Open Data Portal
2021-12-03,18112.0,,Taiwan,people tested,https://data.cdc.gov.tw/en/dataset/daily-cases-suspected-sars-cov-2-infection_tested,Taiwan CDC Open Data Portal
2021-12-04,12258.0,,Taiwan,people tested,https://data.cdc.gov.tw/en/dataset/daily-cases-suspected-sars-cov-2-infection_tested,Taiwan CDC Open Data Portal
2021-12-05,10150.0,,Taiwan,people tested,https://data.cdc.gov.tw/en/dataset/daily-cases-suspected-sars-cov-2-infection_tested,Taiwan CDC Open Data Portal
2021-12-06,20834.0,,Taiwan,people tested,https://data.cdc.gov.tw/en/dataset/daily-cases-suspected-sars-cov-2-infection_tested,Taiwan CDC Open Data Portal
2021-12-07,17219.0,,Taiwan,people tested,https://data.cdc.gov.tw/en/dataset/daily-cases-suspected-sars-cov-2-infection_tested,Taiwan CDC Open Data Portal
2021-12-08,16844.0,,Taiwan,people tested,https://data.cdc.gov.tw/en/dataset/daily-cases-suspected-sars-cov-2-infection_tested,Taiwan CDC Open Data Portal
2021-12-09,13852.0,,Taiwan,people tested,https://data.cdc.gov.tw/en/dataset/daily-cases-suspected-sars-cov-2-infection_tested,Taiwan CDC Open Data Portal
2021-12-10,18430.0,,Taiwan,people tested,https://data.cdc.gov.tw/en/dataset/daily-cases-suspected-sars-cov-2-infection_tested,Taiwan CDC Open Data Portal
2021-12-11,12323.0,,Taiwan,people tested,https://data.cdc.gov.tw/en/dataset/daily-cases-suspected-sars-cov-2-infection_tested,Taiwan CDC Open Data Portal
2021-12-12,9481.0,,Taiwan,people tested,https://data.cdc.gov.tw/en/dataset/daily-cases-suspected-sars-cov-2-infection_tested,Taiwan CDC Open Data Portal
2021-12-13,17809.0,,Taiwan,people tested,https://data.cdc.gov.tw/en/dataset/daily-cases-suspected-sars-cov-2-infection_tested,Taiwan CDC Open Data Portal
2021-12-14,20619.0,,Taiwan,people tested,https://data.cdc.gov.tw/en/dataset/daily-cases-suspected-sars-cov-2-infection_tested,Taiwan CDC Open Data Portal
2021-12-15,20549.0,,Taiwan,people tested,https://data.cdc.gov.tw/en/dataset/daily-cases-suspected-sars-cov-2-infection_tested,Taiwan CDC Open Data Portal
2021-12-16,16031.0,,Taiwan,people tested,https://data.cdc.gov.tw/en/dataset/daily-cases-suspected-sars-cov-2-infection_tested,Taiwan CDC Open Data Portal
2021-12-17,19410.0,,Taiwan,people tested,https://data.cdc.gov.tw/en/dataset/daily-cases-suspected-sars-cov-2-infection_tested,Taiwan CDC Open Data Portal
2021-12-18,12809.0,,Taiwan,people tested,https://data.cdc.gov.tw/en/dataset/daily-cases-suspected-sars-cov-2-infection_tested,Taiwan CDC Open Data Portal
2021-12-19,10552.0,,Taiwan,people tested,https://data.cdc.gov.tw/en/dataset/daily-cases-suspected-sars-cov-2-infection_tested,Taiwan CDC Open Data Portal
2021-12-20,21476.0,,Taiwan,people tested,https://data.cdc.gov.tw/en/dataset/daily-cases-suspected-sars-cov-2-infection_tested,Taiwan CDC Open Data Portal
2021-12-21,17293.0,,Taiwan,people tested,https://data.cdc.gov.tw/en/dataset/daily-cases-suspected-sars-cov-2-infection_tested,Taiwan CDC Open Data Portal
2021-12-22,16205.0,,Taiwan,people tested,https://data.cdc.gov.tw/en/dataset/daily-cases-suspected-sars-cov-2-infection_tested,Taiwan CDC Open Data Portal
2021-12-23,14150.0,,Taiwan,people tested,https://data.cdc.gov.tw/en/dataset/daily-cases-suspected-sars-cov-2-infection_tested,Taiwan CDC Open Data Portal
2021-12-24,16645.0,,Taiwan,people tested,https://data.cdc.gov.tw/en/dataset/daily-cases-suspected-sars-cov-2-infection_tested,Taiwan CDC Open Data Portal
2021-12-25,12840.0,,Taiwan,people tested,https://data.cdc.gov.tw/en/dataset/daily-cases-suspected-sars-cov-2-infection_tested,Taiwan CDC Open Data Portal
2021-12-26,10450.0,,Taiwan,people tested,https://data.cdc.gov.tw/en/dataset/daily-cases-suspected-sars-cov-2-infection_tested,Taiwan CDC Open Data Portal
2021-12-27,17671.0,,Taiwan,people tested,https://data.cdc.gov.tw/en/dataset/daily-cases-suspected-sars-cov-2-infection_tested,Taiwan CDC Open Data Portal
2021-12-28,15180.0,,Taiwan,people tested,https://data.cdc.gov.tw/en/dataset/daily-cases-suspected-sars-cov-2-infection_tested,Taiwan CDC Open Data Portal
2021-12-29,15127.0,,Taiwan,people tested,https://data.cdc.gov.tw/en/dataset/daily-cases-suspected-sars-cov-2-infection_tested,Taiwan CDC Open Data Portal
2021-12-30,13789.0,,Taiwan,people tested,https://data.cdc.gov.tw/en/dataset/daily-cases-suspected-sars-cov-2-infection_tested,Taiwan CDC Open Data Portal
2021-12-31,14383.0,,Taiwan,people tested,https://data.cdc.gov.tw/en/dataset/daily-cases-suspected-sars-cov-2-infection_tested,Taiwan CDC Open Data Portal
2022-01-01,10329.0,,Taiwan,people tested,https://data.cdc.gov.tw/en/dataset/daily-cases-suspected-sars-cov-2-infection_tested,Taiwan CDC Open Data Portal
2022-01-02,10004.0,,Taiwan,people tested,https://data.cdc.gov.tw/en/dataset/daily-cases-suspected-sars-cov-2-infection_tested,Taiwan CDC Open Data Portal
2022-01-03,19284.0,,Taiwan,people tested,https://data.cdc.gov.tw/en/dataset/daily-cases-suspected-sars-cov-2-infection_tested,Taiwan CDC Open Data Portal
2022-01-04,18598.0,,Taiwan,people tested,https://data.cdc.gov.tw/en/dataset/daily-cases-suspected-sars-cov-2-infection_tested,Taiwan CDC Open Data Portal
2022-01-05,19965.0,,Taiwan,people tested,https://data.cdc.gov.tw/en/dataset/daily-cases-suspected-sars-cov-2-infection_tested,Taiwan CDC Open Data Portal
2022-01-06,17389.0,,Taiwan,people tested,https://data.cdc.gov.tw/en/dataset/daily-cases-suspected-sars-cov-2-infection_tested,Taiwan CDC Open Data Portal
2022-01-07,22126.0,,Taiwan,people tested,https://data.cdc.gov.tw/en/dataset/daily-cases-suspected-sars-cov-2-infection_tested,Taiwan CDC Open Data Portal
2022-01-08,17140.0,,Taiwan,people tested,https://data.cdc.gov.tw/en/dataset/daily-cases-suspected-sars-cov-2-infection_tested,Taiwan CDC Open Data Portal
2022-01-09,21018.0,,Taiwan,people tested,https://data.cdc.gov.tw/en/dataset/daily-cases-suspected-sars-cov-2-infection_tested,Taiwan CDC Open Data Portal
2022-01-10,26749.0,,Taiwan,people tested,https://data.cdc.gov.tw/en/dataset/daily-cases-suspected-sars-cov-2-infection_tested,Taiwan CDC Open Data Portal
2022-01-11,23960.0,,Taiwan,people tested,https://data.cdc.gov.tw/en/dataset/daily-cases-suspected-sars-cov-2-infection_tested,Taiwan CDC Open Data Portal
2022-01-12,23283.0,,Taiwan,people tested,https://data.cdc.gov.tw/en/dataset/daily-cases-suspected-sars-cov-2-infection_tested,Taiwan CDC Open Data Portal
2022-01-13,22215.0,,Taiwan,people tested,https://data.cdc.gov.tw/en/dataset/daily-cases-suspected-sars-cov-2-infection_tested,Taiwan CDC Open Data Portal
2022-01-14,25989.0,,Taiwan,people tested,https://data.cdc.gov.tw/en/dataset/daily-cases-suspected-sars-cov-2-infection_tested,Taiwan CDC Open Data Portal
2022-01-15,22885.0,,Taiwan,people tested,https://data.cdc.gov.tw/en/dataset/daily-cases-suspected-sars-cov-2-infection_tested,Taiwan CDC Open Data Portal
2022-01-16,20819.0,,Taiwan,people tested,https://data.cdc.gov.tw/en/dataset/daily-cases-suspected-sars-cov-2-infection_tested,Taiwan CDC Open Data Portal
2022-01-17,16800.0,,Taiwan,people tested,https://data.cdc.gov.tw/en/dataset/daily-cases-suspected-sars-cov-2-infection_tested,Taiwan CDC Open Data Portal
