date,vaccine,total_vaccinations,location
2020-12-27,Moderna,1,Italy
2020-12-27,Pfizer/BioNTech,7345,Italy
2020-12-28,Moderna,5,Italy
2020-12-28,Pfizer/BioNTech,8844,Italy
2020-12-29,Moderna,8,Italy
2020-12-29,Pfizer/BioNTech,9960,Italy
2020-12-30,Moderna,19,Italy
2020-12-30,Pfizer/BioNTech,14817,Italy
2020-12-31,Pfizer/BioNTech,40751,Italy
2021-01-01,Moderna,24,Italy
2021-01-01,Pfizer/BioNTech,52013,Italy
2021-01-02,Moderna,35,Italy
2021-01-02,Pfizer/BioNTech,91059,Italy
2021-01-03,Moderna,71,Italy
2021-01-03,Pfizer/BioNTech,126895,Italy
2021-01-04,Johnson&Johnson,9,Italy
2021-01-04,Moderna,97,Italy
2021-01-04,Pfizer/BioNTech,196468,Italy
2021-01-05,Johnson&Johnson,11,Italy
2021-01-05,Moderna,103,Italy
2021-01-05,Pfizer/BioNTech,276678,Italy
2021-01-06,Johnson&Johnson,13,Italy
2021-01-06,Moderna,120,Italy
2021-01-06,Pfizer/BioNTech,341825,Italy
2021-01-07,Johnson&Johnson,15,Italy
2021-01-07,Moderna,132,Italy
2021-01-07,Pfizer/BioNTech,434422,Italy
2021-01-08,Moderna,240,Italy
2021-01-08,Pfizer/BioNTech,531261,Italy
2021-01-09,Moderna,301,Italy
2021-01-09,Pfizer/BioNTech,619432,Italy
2021-01-10,Moderna,315,Italy
2021-01-10,Pfizer/BioNTech,680330,Italy
2021-01-11,Johnson&Johnson,18,Italy
2021-01-11,Moderna,515,Italy
2021-01-11,Pfizer/BioNTech,762265,Italy
2021-01-12,Moderna,695,Italy
2021-01-12,Pfizer/BioNTech,845578,Italy
2021-01-13,Moderna,840,Italy
2021-01-13,Pfizer/BioNTech,940831,Italy
2021-01-14,Moderna,1179,Italy
2021-01-14,Oxford/AstraZeneca,2,Italy
2021-01-14,Pfizer/BioNTech,1034931,Italy
2021-01-15,Moderna,2384,Italy
2021-01-15,Pfizer/BioNTech,1124692,Italy
2021-01-16,Moderna,3480,Italy
2021-01-16,Pfizer/BioNTech,1189702,Italy
2021-01-17,Moderna,3903,Italy
2021-01-17,Pfizer/BioNTech,1226886,Italy
2021-01-18,Moderna,5196,Italy
2021-01-18,Oxford/AstraZeneca,4,Italy
2021-01-18,Pfizer/BioNTech,1270248,Italy
2021-01-19,Moderna,7634,Italy
2021-01-19,Pfizer/BioNTech,1301394,Italy
2021-01-20,Moderna,11326,Italy
2021-01-20,Pfizer/BioNTech,1329209,Italy
2021-01-21,Moderna,14452,Italy
2021-01-21,Pfizer/BioNTech,1362628,Italy
2021-01-22,Moderna,16520,Italy
2021-01-22,Oxford/AstraZeneca,8,Italy
2021-01-22,Pfizer/BioNTech,1387935,Italy
2021-01-23,Moderna,17569,Italy
2021-01-23,Pfizer/BioNTech,1426253,Italy
2021-01-24,Moderna,18362,Italy
2021-01-24,Pfizer/BioNTech,1459487,Italy
2021-01-25,Moderna,19075,Italy
2021-01-25,Pfizer/BioNTech,1528391,Italy
2021-01-26,Moderna,19837,Italy
2021-01-26,Pfizer/BioNTech,1608471,Italy
2021-01-27,Moderna,20675,Italy
2021-01-27,Oxford/AstraZeneca,9,Italy
2021-01-27,Pfizer/BioNTech,1678863,Italy
2021-01-28,Moderna,21598,Italy
2021-01-28,Pfizer/BioNTech,1772148,Italy
2021-01-29,Moderna,22815,Italy
2021-01-29,Pfizer/BioNTech,1870044,Italy
2021-01-30,Moderna,23302,Italy
2021-01-30,Oxford/AstraZeneca,10,Italy
2021-01-30,Pfizer/BioNTech,1960321,Italy
2021-01-31,Moderna,23513,Italy
2021-01-31,Oxford/AstraZeneca,11,Italy
2021-01-31,Pfizer/BioNTech,2020089,Italy
2021-02-01,Moderna,24076,Italy
2021-02-01,Oxford/AstraZeneca,12,Italy
2021-02-01,Pfizer/BioNTech,2105715,Italy
2021-02-02,Johnson&Johnson,19,Italy
2021-02-02,Moderna,25221,Italy
2021-02-02,Oxford/AstraZeneca,38,Italy
2021-02-02,Pfizer/BioNTech,2193134,Italy
2021-02-03,Moderna,26639,Italy
2021-02-03,Oxford/AstraZeneca,39,Italy
2021-02-03,Pfizer/BioNTech,2291980,Italy
2021-02-04,Johnson&Johnson,23,Italy
2021-02-04,Moderna,28322,Italy
2021-02-04,Oxford/AstraZeneca,41,Italy
2021-02-04,Pfizer/BioNTech,2399204,Italy
2021-02-05,Moderna,31626,Italy
2021-02-05,Oxford/AstraZeneca,44,Italy
2021-02-05,Pfizer/BioNTech,2504061,Italy
2021-02-06,Johnson&Johnson,24,Italy
2021-02-06,Moderna,33773,Italy
2021-02-06,Pfizer/BioNTech,2580272,Italy
2021-02-07,Moderna,34691,Italy
2021-02-07,Oxford/AstraZeneca,49,Italy
2021-02-07,Pfizer/BioNTech,2621755,Italy
2021-02-08,Johnson&Johnson,26,Italy
2021-02-08,Moderna,37387,Italy
2021-02-08,Oxford/AstraZeneca,50,Italy
2021-02-08,Pfizer/BioNTech,2686270,Italy
2021-02-09,Moderna,40901,Italy
2021-02-09,Oxford/AstraZeneca,73,Italy
2021-02-09,Pfizer/BioNTech,2749990,Italy
2021-02-10,Moderna,43908,Italy
2021-02-10,Oxford/AstraZeneca,76,Italy
2021-02-10,Pfizer/BioNTech,2820290,Italy
2021-02-11,Moderna,47401,Italy
2021-02-11,Oxford/AstraZeneca,2980,Italy
2021-02-11,Pfizer/BioNTech,2889194,Italy
2021-02-12,Moderna,51749,Italy
2021-02-12,Oxford/AstraZeneca,7739,Italy
2021-02-12,Pfizer/BioNTech,2954673,Italy
2021-02-13,Moderna,55694,Italy
2021-02-13,Oxford/AstraZeneca,13049,Italy
2021-02-13,Pfizer/BioNTech,2998346,Italy
2021-02-14,Moderna,57218,Italy
2021-02-14,Oxford/AstraZeneca,20209,Italy
2021-02-14,Pfizer/BioNTech,3019686,Italy
2021-02-15,Moderna,61492,Italy
2021-02-15,Oxford/AstraZeneca,27136,Italy
2021-02-15,Pfizer/BioNTech,3071568,Italy
2021-02-16,Moderna,68389,Italy
2021-02-16,Oxford/AstraZeneca,36487,Italy
2021-02-16,Pfizer/BioNTech,3126840,Italy
2021-02-17,Moderna,76262,Italy
2021-02-17,Oxford/AstraZeneca,49302,Italy
2021-02-17,Pfizer/BioNTech,3186863,Italy
2021-02-18,Moderna,83515,Italy
2021-02-18,Oxford/AstraZeneca,66873,Italy
2021-02-18,Pfizer/BioNTech,3252628,Italy
2021-02-19,Moderna,90940,Italy
2021-02-19,Oxford/AstraZeneca,86311,Italy
2021-02-19,Pfizer/BioNTech,3319366,Italy
2021-02-20,Moderna,97407,Italy
2021-02-20,Oxford/AstraZeneca,105593,Italy
2021-02-20,Pfizer/BioNTech,3372188,Italy
2021-02-21,Moderna,102909,Italy
2021-02-21,Oxford/AstraZeneca,116280,Italy
2021-02-21,Pfizer/BioNTech,3407236,Italy
2021-02-22,Moderna,109098,Italy
2021-02-22,Oxford/AstraZeneca,139724,Italy
2021-02-22,Pfizer/BioNTech,3483707,Italy
2021-02-23,Moderna,114512,Italy
2021-02-23,Oxford/AstraZeneca,164590,Italy
2021-02-23,Pfizer/BioNTech,3560383,Italy
2021-02-24,Moderna,121005,Italy
2021-02-24,Oxford/AstraZeneca,192035,Italy
2021-02-24,Pfizer/BioNTech,3649095,Italy
2021-02-25,Moderna,127333,Italy
2021-02-25,Oxford/AstraZeneca,223895,Italy
2021-02-25,Pfizer/BioNTech,3739868,Italy
2021-02-26,Moderna,133699,Italy
2021-02-26,Oxford/AstraZeneca,264205,Italy
2021-02-26,Pfizer/BioNTech,3832335,Italy
2021-02-27,Moderna,140801,Italy
2021-02-27,Oxford/AstraZeneca,309114,Italy
2021-02-27,Pfizer/BioNTech,3907420,Italy
2021-02-28,Moderna,143543,Italy
2021-02-28,Oxford/AstraZeneca,335893,Italy
2021-02-28,Pfizer/BioNTech,3956361,Italy
2021-03-01,Johnson&Johnson,27,Italy
2021-03-01,Moderna,150624,Italy
2021-03-01,Oxford/AstraZeneca,376427,Italy
2021-03-01,Pfizer/BioNTech,4044868,Italy
2021-03-02,Moderna,158122,Italy
2021-03-02,Oxford/AstraZeneca,432978,Italy
2021-03-02,Pfizer/BioNTech,4143292,Italy
2021-03-03,Moderna,168106,Italy
2021-03-03,Oxford/AstraZeneca,491404,Italy
2021-03-03,Pfizer/BioNTech,4262828,Italy
2021-03-04,Moderna,179185,Italy
2021-03-04,Oxford/AstraZeneca,552780,Italy
2021-03-04,Pfizer/BioNTech,4389140,Italy
2021-03-05,Moderna,191502,Italy
2021-03-05,Oxford/AstraZeneca,619697,Italy
2021-03-05,Pfizer/BioNTech,4516821,Italy
2021-03-06,Johnson&Johnson,29,Italy
2021-03-06,Moderna,204886,Italy
2021-03-06,Oxford/AstraZeneca,683689,Italy
2021-03-06,Pfizer/BioNTech,4618065,Italy
2021-03-07,Johnson&Johnson,30,Italy
2021-03-07,Moderna,213091,Italy
2021-03-07,Oxford/AstraZeneca,720410,Italy
2021-03-07,Pfizer/BioNTech,4676364,Italy
2021-03-08,Johnson&Johnson,36,Italy
2021-03-08,Moderna,225478,Italy
2021-03-08,Oxford/AstraZeneca,781049,Italy
2021-03-08,Pfizer/BioNTech,4785623,Italy
2021-03-09,Johnson&Johnson,37,Italy
2021-03-09,Moderna,238336,Italy
2021-03-09,Oxford/AstraZeneca,844710,Italy
2021-03-09,Pfizer/BioNTech,4905208,Italy
2021-03-10,Johnson&Johnson,39,Italy
2021-03-10,Moderna,249559,Italy
2021-03-10,Oxford/AstraZeneca,912053,Italy
2021-03-10,Pfizer/BioNTech,5043180,Italy
2021-03-11,Johnson&Johnson,44,Italy
2021-03-11,Moderna,261996,Italy
2021-03-11,Oxford/AstraZeneca,984283,Italy
2021-03-11,Pfizer/BioNTech,5183756,Italy
2021-03-12,Johnson&Johnson,51,Italy
2021-03-12,Moderna,272500,Italy
2021-03-12,Oxford/AstraZeneca,1057480,Italy
2021-03-12,Pfizer/BioNTech,5313279,Italy
2021-03-13,Johnson&Johnson,56,Italy
2021-03-13,Moderna,283890,Italy
2021-03-13,Oxford/AstraZeneca,1124822,Italy
2021-03-13,Pfizer/BioNTech,5412144,Italy
2021-03-14,Johnson&Johnson,61,Italy
2021-03-14,Moderna,290684,Italy
2021-03-14,Oxford/AstraZeneca,1165731,Italy
2021-03-14,Pfizer/BioNTech,5470507,Italy
2021-03-15,Johnson&Johnson,69,Italy
2021-03-15,Moderna,301737,Italy
2021-03-15,Oxford/AstraZeneca,1217017,Italy
2021-03-15,Pfizer/BioNTech,5583827,Italy
2021-03-16,Johnson&Johnson,82,Italy
2021-03-16,Moderna,313782,Italy
2021-03-16,Oxford/AstraZeneca,1217211,Italy
2021-03-16,Pfizer/BioNTech,5712415,Italy
2021-03-17,Johnson&Johnson,101,Italy
2021-03-17,Moderna,325515,Italy
2021-03-17,Oxford/AstraZeneca,1217251,Italy
2021-03-17,Pfizer/BioNTech,5866878,Italy
2021-03-18,Johnson&Johnson,113,Italy
2021-03-18,Moderna,338652,Italy
2021-03-18,Oxford/AstraZeneca,1217348,Italy
2021-03-18,Pfizer/BioNTech,6017785,Italy
2021-03-19,Johnson&Johnson,125,Italy
2021-03-19,Moderna,350330,Italy
2021-03-19,Oxford/AstraZeneca,1236019,Italy
2021-03-19,Pfizer/BioNTech,6164111,Italy
2021-03-20,Johnson&Johnson,130,Italy
2021-03-20,Moderna,362825,Italy
2021-03-20,Oxford/AstraZeneca,1287279,Italy
2021-03-20,Pfizer/BioNTech,6276719,Italy
2021-03-21,Johnson&Johnson,133,Italy
2021-03-21,Moderna,372446,Italy
2021-03-21,Oxford/AstraZeneca,1332120,Italy
2021-03-21,Pfizer/BioNTech,6353006,Italy
2021-03-22,Moderna,384473,Italy
2021-03-22,Oxford/AstraZeneca,1403321,Italy
2021-03-22,Pfizer/BioNTech,6466459,Italy
2021-03-23,Johnson&Johnson,139,Italy
2021-03-23,Moderna,398147,Italy
2021-03-23,Oxford/AstraZeneca,1484226,Italy
2021-03-23,Pfizer/BioNTech,6598977,Italy
2021-03-24,Johnson&Johnson,140,Italy
2021-03-24,Moderna,413836,Italy
2021-03-24,Oxford/AstraZeneca,1562172,Italy
2021-03-24,Pfizer/BioNTech,6763663,Italy
2021-03-25,Johnson&Johnson,142,Italy
2021-03-25,Moderna,432321,Italy
2021-03-25,Oxford/AstraZeneca,1645404,Italy
2021-03-25,Pfizer/BioNTech,6933742,Italy
2021-03-26,Johnson&Johnson,148,Italy
2021-03-26,Moderna,452009,Italy
2021-03-26,Oxford/AstraZeneca,1729479,Italy
2021-03-26,Pfizer/BioNTech,7102750,Italy
2021-03-27,Johnson&Johnson,152,Italy
2021-03-27,Moderna,481138,Italy
2021-03-27,Oxford/AstraZeneca,1797589,Italy
2021-03-27,Pfizer/BioNTech,7247005,Italy
2021-03-28,Johnson&Johnson,153,Italy
2021-03-28,Moderna,498604,Italy
2021-03-28,Oxford/AstraZeneca,1853226,Italy
2021-03-28,Pfizer/BioNTech,7337608,Italy
2021-03-29,Moderna,523311,Italy
2021-03-29,Oxford/AstraZeneca,1927062,Italy
2021-03-29,Pfizer/BioNTech,7483500,Italy
2021-03-30,Johnson&Johnson,156,Italy
2021-03-30,Moderna,552628,Italy
2021-03-30,Oxford/AstraZeneca,2002422,Italy
2021-03-30,Pfizer/BioNTech,7649755,Italy
2021-03-31,Johnson&Johnson,172,Italy
2021-03-31,Moderna,576304,Italy
2021-03-31,Oxford/AstraZeneca,2075040,Italy
2021-03-31,Pfizer/BioNTech,7861025,Italy
2021-04-01,Johnson&Johnson,179,Italy
2021-04-01,Moderna,601716,Italy
2021-04-01,Oxford/AstraZeneca,2131334,Italy
2021-04-01,Pfizer/BioNTech,8068226,Italy
2021-04-02,Johnson&Johnson,182,Italy
2021-04-02,Moderna,632438,Italy
2021-04-02,Oxford/AstraZeneca,2198351,Italy
2021-04-02,Pfizer/BioNTech,8254330,Italy
2021-04-03,Johnson&Johnson,185,Italy
2021-04-03,Moderna,668963,Italy
2021-04-03,Oxford/AstraZeneca,2245909,Italy
2021-04-03,Pfizer/BioNTech,8401248,Italy
2021-04-04,Moderna,680955,Italy
2021-04-04,Oxford/AstraZeneca,2284317,Italy
2021-04-04,Pfizer/BioNTech,8447165,Italy
2021-04-05,Johnson&Johnson,192,Italy
2021-04-05,Moderna,701300,Italy
2021-04-05,Oxford/AstraZeneca,2343646,Italy
2021-04-05,Pfizer/BioNTech,8539064,Italy
2021-04-06,Johnson&Johnson,243,Italy
2021-04-06,Moderna,742255,Italy
2021-04-06,Oxford/AstraZeneca,2429374,Italy
2021-04-06,Pfizer/BioNTech,8699511,Italy
2021-04-07,Johnson&Johnson,247,Italy
2021-04-07,Moderna,772537,Italy
2021-04-07,Oxford/AstraZeneca,2512746,Italy
2021-04-07,Pfizer/BioNTech,8921071,Italy
2021-04-08,Johnson&Johnson,255,Italy
2021-04-08,Moderna,807103,Italy
2021-04-08,Oxford/AstraZeneca,2571051,Italy
2021-04-08,Pfizer/BioNTech,9168352,Italy
2021-04-09,Johnson&Johnson,281,Italy
2021-04-09,Moderna,843544,Italy
2021-04-09,Oxford/AstraZeneca,2624373,Italy
2021-04-09,Pfizer/BioNTech,9415564,Italy
2021-04-10,Johnson&Johnson,286,Italy
2021-04-10,Moderna,884787,Italy
2021-04-10,Oxford/AstraZeneca,2685516,Italy
2021-04-10,Pfizer/BioNTech,9635270,Italy
2021-04-11,Johnson&Johnson,290,Italy
2021-04-11,Moderna,902784,Italy
2021-04-11,Oxford/AstraZeneca,2723034,Italy
2021-04-11,Pfizer/BioNTech,9782233,Italy
2021-04-12,Johnson&Johnson,297,Italy
2021-04-12,Moderna,927608,Italy
2021-04-12,Oxford/AstraZeneca,2801992,Italy
2021-04-12,Pfizer/BioNTech,9946759,Italy
2021-04-13,Johnson&Johnson,305,Italy
2021-04-13,Moderna,955938,Italy
2021-04-13,Oxford/AstraZeneca,2897968,Italy
2021-04-13,Pfizer/BioNTech,10113010,Italy
2021-04-14,Johnson&Johnson,307,Italy
2021-04-14,Moderna,983256,Italy
2021-04-14,Oxford/AstraZeneca,2999210,Italy
2021-04-14,Pfizer/BioNTech,10306994,Italy
2021-04-15,Moderna,1008436,Italy
2021-04-15,Oxford/AstraZeneca,3090275,Italy
2021-04-15,Pfizer/BioNTech,10543912,Italy
2021-04-16,Johnson&Johnson,309,Italy
2021-04-16,Moderna,1030214,Italy
2021-04-16,Oxford/AstraZeneca,3198150,Italy
2021-04-16,Pfizer/BioNTech,10796020,Italy
2021-04-17,Moderna,1052891,Italy
2021-04-17,Oxford/AstraZeneca,3307139,Italy
2021-04-17,Pfizer/BioNTech,11025365,Italy
2021-04-18,Johnson&Johnson,310,Italy
2021-04-18,Moderna,1066467,Italy
2021-04-18,Oxford/AstraZeneca,3380205,Italy
2021-04-18,Pfizer/BioNTech,11181416,Italy
2021-04-19,Johnson&Johnson,312,Italy
2021-04-19,Moderna,1083750,Italy
2021-04-19,Oxford/AstraZeneca,3476869,Italy
2021-04-19,Pfizer/BioNTech,11379480,Italy
2021-04-20,Johnson&Johnson,313,Italy
2021-04-20,Moderna,1107967,Italy
2021-04-20,Oxford/AstraZeneca,3574173,Italy
2021-04-20,Pfizer/BioNTech,11592911,Italy
2021-04-21,Johnson&Johnson,316,Italy
2021-04-21,Moderna,1138385,Italy
2021-04-21,Oxford/AstraZeneca,3676496,Italy
2021-04-21,Pfizer/BioNTech,11834697,Italy
2021-04-22,Johnson&Johnson,607,Italy
2021-04-22,Moderna,1171608,Italy
2021-04-22,Oxford/AstraZeneca,3768271,Italy
2021-04-22,Pfizer/BioNTech,12110130,Italy
2021-04-23,Johnson&Johnson,1152,Italy
2021-04-23,Moderna,1204900,Italy
2021-04-23,Oxford/AstraZeneca,3864835,Italy
2021-04-23,Pfizer/BioNTech,12386724,Italy
2021-04-24,Johnson&Johnson,4189,Italy
2021-04-24,Moderna,1247786,Italy
2021-04-24,Oxford/AstraZeneca,3958782,Italy
2021-04-24,Pfizer/BioNTech,12634901,Italy
2021-04-25,Johnson&Johnson,12942,Italy
2021-04-25,Moderna,1280594,Italy
2021-04-25,Oxford/AstraZeneca,4034735,Italy
2021-04-25,Pfizer/BioNTech,12785595,Italy
2021-04-26,Johnson&Johnson,22304,Italy
2021-04-26,Moderna,1319976,Italy
2021-04-26,Oxford/AstraZeneca,4099601,Italy
2021-04-26,Pfizer/BioNTech,13017714,Italy
2021-04-27,Johnson&Johnson,32129,Italy
2021-04-27,Moderna,1373704,Italy
2021-04-27,Oxford/AstraZeneca,4167589,Italy
2021-04-27,Pfizer/BioNTech,13260978,Italy
2021-04-28,Johnson&Johnson,41080,Italy
2021-04-28,Moderna,1428571,Italy
2021-04-28,Oxford/AstraZeneca,4244892,Italy
2021-04-28,Pfizer/BioNTech,13530412,Italy
2021-04-29,Johnson&Johnson,51205,Italy
2021-04-29,Moderna,1483851,Italy
2021-04-29,Oxford/AstraZeneca,4334086,Italy
2021-04-29,Pfizer/BioNTech,13907341,Italy
2021-04-30,Johnson&Johnson,65830,Italy
2021-04-30,Moderna,1532789,Italy
2021-04-30,Oxford/AstraZeneca,4420542,Italy
2021-04-30,Pfizer/BioNTech,14287635,Italy
2021-05-01,Johnson&Johnson,83679,Italy
2021-05-01,Moderna,1575525,Italy
2021-05-01,Oxford/AstraZeneca,4488516,Italy
2021-05-01,Pfizer/BioNTech,14593484,Italy
2021-05-02,Johnson&Johnson,95266,Italy
2021-05-02,Moderna,1606560,Italy
2021-05-02,Oxford/AstraZeneca,4553179,Italy
2021-05-02,Pfizer/BioNTech,14857141,Italy
2021-05-03,Johnson&Johnson,107141,Italy
2021-05-03,Moderna,1647302,Italy
2021-05-03,Oxford/AstraZeneca,4645504,Italy
2021-05-03,Pfizer/BioNTech,15126270,Italy
2021-05-04,Johnson&Johnson,119286,Italy
2021-05-04,Moderna,1708327,Italy
2021-05-04,Oxford/AstraZeneca,4762345,Italy
2021-05-04,Pfizer/BioNTech,15390032,Italy
2021-05-05,Johnson&Johnson,133628,Italy
2021-05-05,Moderna,1763921,Italy
2021-05-05,Oxford/AstraZeneca,4887773,Italy
2021-05-05,Pfizer/BioNTech,15681929,Italy
2021-05-06,Johnson&Johnson,146651,Italy
2021-05-06,Moderna,1812639,Italy
2021-05-06,Oxford/AstraZeneca,4999756,Italy
2021-05-06,Pfizer/BioNTech,16030684,Italy
2021-05-07,Johnson&Johnson,159189,Italy
2021-05-07,Moderna,1866264,Italy
2021-05-07,Oxford/AstraZeneca,5105440,Italy
2021-05-07,Pfizer/BioNTech,16405474,Italy
2021-05-08,Johnson&Johnson,176412,Italy
2021-05-08,Moderna,1927253,Italy
2021-05-08,Oxford/AstraZeneca,5209755,Italy
2021-05-08,Pfizer/BioNTech,16737629,Italy
2021-05-09,Johnson&Johnson,185447,Italy
2021-05-09,Moderna,1960389,Italy
2021-05-09,Oxford/AstraZeneca,5301128,Italy
2021-05-09,Pfizer/BioNTech,16988351,Italy
2021-05-10,Johnson&Johnson,193576,Italy
2021-05-10,Moderna,2002707,Italy
2021-05-10,Oxford/AstraZeneca,5410191,Italy
2021-05-10,Pfizer/BioNTech,17271282,Italy
2021-05-11,Johnson&Johnson,203658,Italy
2021-05-11,Moderna,2068949,Italy
2021-05-11,Oxford/AstraZeneca,5513574,Italy
2021-05-11,Pfizer/BioNTech,17550407,Italy
2021-05-12,Johnson&Johnson,212646,Italy
2021-05-12,Moderna,2131487,Italy
2021-05-12,Oxford/AstraZeneca,5614942,Italy
2021-05-12,Pfizer/BioNTech,17863761,Italy
2021-05-13,Johnson&Johnson,220912,Italy
2021-05-13,Moderna,2180412,Italy
2021-05-13,Oxford/AstraZeneca,5707829,Italy
2021-05-13,Pfizer/BioNTech,18244282,Italy
2021-05-14,Johnson&Johnson,229085,Italy
2021-05-14,Moderna,2231070,Italy
2021-05-14,Oxford/AstraZeneca,5805674,Italy
2021-05-14,Pfizer/BioNTech,18644100,Italy
2021-05-15,Johnson&Johnson,247054,Italy
2021-05-15,Moderna,2286661,Italy
2021-05-15,Oxford/AstraZeneca,5902196,Italy
2021-05-15,Pfizer/BioNTech,19019987,Italy
2021-05-16,Johnson&Johnson,263313,Italy
2021-05-16,Moderna,2322124,Italy
2021-05-16,Oxford/AstraZeneca,5981616,Italy
2021-05-16,Pfizer/BioNTech,19299449,Italy
2021-05-17,Johnson&Johnson,281319,Italy
2021-05-17,Moderna,2367986,Italy
2021-05-17,Oxford/AstraZeneca,6062703,Italy
2021-05-17,Pfizer/BioNTech,19622854,Italy
2021-05-18,Johnson&Johnson,299525,Italy
2021-05-18,Moderna,2421530,Italy
2021-05-18,Oxford/AstraZeneca,6160421,Italy
2021-05-18,Pfizer/BioNTech,19924197,Italy
2021-05-19,Johnson&Johnson,317976,Italy
2021-05-19,Moderna,2477260,Italy
2021-05-19,Oxford/AstraZeneca,6262173,Italy
2021-05-19,Pfizer/BioNTech,20236849,Italy
2021-05-20,Johnson&Johnson,338048,Italy
2021-05-20,Moderna,2518157,Italy
2021-05-20,Oxford/AstraZeneca,6352410,Italy
2021-05-20,Pfizer/BioNTech,20640860,Italy
2021-05-21,Johnson&Johnson,356737,Italy
2021-05-21,Moderna,2563638,Italy
2021-05-21,Oxford/AstraZeneca,6447997,Italy
2021-05-21,Pfizer/BioNTech,21054286,Italy
2021-05-22,Johnson&Johnson,395111,Italy
2021-05-22,Moderna,2630301,Italy
2021-05-22,Oxford/AstraZeneca,6534527,Italy
2021-05-22,Pfizer/BioNTech,21386350,Italy
2021-05-23,Johnson&Johnson,431103,Italy
2021-05-23,Moderna,2685800,Italy
2021-05-23,Oxford/AstraZeneca,6595086,Italy
2021-05-23,Pfizer/BioNTech,21642516,Italy
2021-05-24,Johnson&Johnson,463622,Italy
2021-05-24,Moderna,2755782,Italy
2021-05-24,Oxford/AstraZeneca,6676035,Italy
2021-05-24,Pfizer/BioNTech,21924570,Italy
2021-05-25,Johnson&Johnson,493047,Italy
2021-05-25,Moderna,2854516,Italy
2021-05-25,Oxford/AstraZeneca,6778115,Italy
2021-05-25,Pfizer/BioNTech,22175047,Italy
2021-05-26,Johnson&Johnson,524161,Italy
2021-05-26,Moderna,2963217,Italy
2021-05-26,Oxford/AstraZeneca,6885019,Italy
2021-05-26,Pfizer/BioNTech,22457219,Italy
2021-05-27,Johnson&Johnson,546263,Italy
2021-05-27,Moderna,3040496,Italy
2021-05-27,Oxford/AstraZeneca,6985267,Italy
2021-05-27,Pfizer/BioNTech,22849177,Italy
2021-05-28,Johnson&Johnson,566779,Italy
2021-05-28,Moderna,3103864,Italy
2021-05-28,Oxford/AstraZeneca,7084163,Italy
2021-05-28,Pfizer/BioNTech,23262308,Italy
2021-05-29,Johnson&Johnson,585863,Italy
2021-05-29,Moderna,3161290,Italy
2021-05-29,Oxford/AstraZeneca,7160095,Italy
2021-05-29,Pfizer/BioNTech,23635329,Italy
2021-05-30,Johnson&Johnson,604776,Italy
2021-05-30,Moderna,3201634,Italy
2021-05-30,Oxford/AstraZeneca,7210684,Italy
2021-05-30,Pfizer/BioNTech,23928184,Italy
2021-05-31,Johnson&Johnson,661364,Italy
2021-05-31,Moderna,3288888,Italy
2021-05-31,Oxford/AstraZeneca,7286770,Italy
2021-05-31,Pfizer/BioNTech,24188945,Italy
2021-06-01,Johnson&Johnson,728593,Italy
2021-06-01,Moderna,3371819,Italy
2021-06-01,Oxford/AstraZeneca,7353527,Italy
2021-06-01,Pfizer/BioNTech,24441899,Italy
2021-06-02,Johnson&Johnson,766533,Italy
2021-06-02,Moderna,3419146,Italy
2021-06-02,Oxford/AstraZeneca,7391518,Italy
2021-06-02,Pfizer/BioNTech,24731537,Italy
2021-06-03,Johnson&Johnson,804470,Italy
2021-06-03,Moderna,3472207,Italy
2021-06-03,Oxford/AstraZeneca,7456336,Italy
2021-06-03,Pfizer/BioNTech,25174360,Italy
2021-06-04,Johnson&Johnson,852494,Italy
2021-06-04,Moderna,3530741,Italy
2021-06-04,Oxford/AstraZeneca,7519322,Italy
2021-06-04,Pfizer/BioNTech,25638695,Italy
2021-06-05,Johnson&Johnson,909843,Italy
2021-06-05,Moderna,3574900,Italy
2021-06-05,Oxford/AstraZeneca,7585026,Italy
2021-06-05,Pfizer/BioNTech,26090704,Italy
2021-06-06,Johnson&Johnson,958969,Italy
2021-06-06,Moderna,3605378,Italy
2021-06-06,Oxford/AstraZeneca,7652863,Italy
2021-06-06,Pfizer/BioNTech,26456084,Italy
2021-06-07,Johnson&Johnson,996381,Italy
2021-06-07,Moderna,3651791,Italy
2021-06-07,Oxford/AstraZeneca,7728633,Italy
2021-06-07,Pfizer/BioNTech,26868557,Italy
2021-06-08,Johnson&Johnson,1037393,Italy
2021-06-08,Moderna,3713205,Italy
2021-06-08,Oxford/AstraZeneca,7809444,Italy
2021-06-08,Pfizer/BioNTech,27268556,Italy
2021-06-09,Johnson&Johnson,1075897,Italy
2021-06-09,Moderna,3780794,Italy
2021-06-09,Oxford/AstraZeneca,7895845,Italy
2021-06-09,Pfizer/BioNTech,27671305,Italy
2021-06-10,Johnson&Johnson,1108852,Italy
2021-06-10,Moderna,3823954,Italy
2021-06-10,Oxford/AstraZeneca,7971261,Italy
2021-06-10,Pfizer/BioNTech,28154552,Italy
2021-06-11,Johnson&Johnson,1132915,Italy
2021-06-11,Moderna,3863406,Italy
2021-06-11,Oxford/AstraZeneca,8035235,Italy
2021-06-11,Pfizer/BioNTech,28650940,Italy
2021-06-12,Johnson&Johnson,1148117,Italy
2021-06-12,Moderna,3909064,Italy
2021-06-12,Oxford/AstraZeneca,8062297,Italy
2021-06-12,Pfizer/BioNTech,29130200,Italy
2021-06-13,Johnson&Johnson,1153864,Italy
2021-06-13,Moderna,3958697,Italy
2021-06-13,Oxford/AstraZeneca,8079806,Italy
2021-06-13,Pfizer/BioNTech,29493421,Italy
2021-06-14,Johnson&Johnson,1160738,Italy
2021-06-14,Moderna,4014082,Italy
2021-06-14,Oxford/AstraZeneca,8111620,Italy
2021-06-14,Pfizer/BioNTech,29933766,Italy
2021-06-15,Johnson&Johnson,1167854,Italy
2021-06-15,Moderna,4091558,Italy
2021-06-15,Oxford/AstraZeneca,8149217,Italy
2021-06-15,Pfizer/BioNTech,30348925,Italy
2021-06-16,Johnson&Johnson,1175896,Italy
2021-06-16,Moderna,4179090,Italy
2021-06-16,Oxford/AstraZeneca,8194035,Italy
2021-06-16,Pfizer/BioNTech,30767285,Italy
2021-06-17,Johnson&Johnson,1183851,Italy
2021-06-17,Moderna,4248501,Italy
2021-06-17,Oxford/AstraZeneca,8236797,Italy
2021-06-17,Pfizer/BioNTech,31252902,Italy
2021-06-18,Johnson&Johnson,1189810,Italy
2021-06-18,Moderna,4305095,Italy
2021-06-18,Oxford/AstraZeneca,8278885,Italy
2021-06-18,Pfizer/BioNTech,31758620,Italy
2021-06-19,Johnson&Johnson,1194315,Italy
2021-06-19,Moderna,4360740,Italy
2021-06-19,Oxford/AstraZeneca,8314048,Italy
2021-06-19,Pfizer/BioNTech,32223117,Italy
2021-06-20,Johnson&Johnson,1196876,Italy
2021-06-20,Moderna,4408418,Italy
2021-06-20,Oxford/AstraZeneca,8344337,Italy
2021-06-20,Pfizer/BioNTech,32580886,Italy
2021-06-21,Johnson&Johnson,1201744,Italy
2021-06-21,Moderna,4468987,Italy
2021-06-21,Oxford/AstraZeneca,8396496,Italy
2021-06-21,Pfizer/BioNTech,33022743,Italy
2021-06-22,Johnson&Johnson,1206961,Italy
2021-06-22,Moderna,4554284,Italy
2021-06-22,Oxford/AstraZeneca,8448072,Italy
2021-06-22,Pfizer/BioNTech,33453082,Italy
2021-06-23,Johnson&Johnson,1212633,Italy
2021-06-23,Moderna,4641284,Italy
2021-06-23,Oxford/AstraZeneca,8502161,Italy
2021-06-23,Pfizer/BioNTech,33875509,Italy
2021-06-24,Johnson&Johnson,1218117,Italy
2021-06-24,Moderna,4693229,Italy
2021-06-24,Oxford/AstraZeneca,8547281,Italy
2021-06-24,Pfizer/BioNTech,34385728,Italy
2021-06-25,Johnson&Johnson,1223183,Italy
2021-06-25,Moderna,4743309,Italy
2021-06-25,Oxford/AstraZeneca,8607076,Italy
2021-06-25,Pfizer/BioNTech,34889059,Italy
2021-06-26,Johnson&Johnson,1226779,Italy
2021-06-26,Moderna,4798781,Italy
2021-06-26,Oxford/AstraZeneca,8659447,Italy
2021-06-26,Pfizer/BioNTech,35333488,Italy
2021-06-27,Johnson&Johnson,1230060,Italy
2021-06-27,Moderna,4846752,Italy
2021-06-27,Oxford/AstraZeneca,8701657,Italy
2021-06-27,Pfizer/BioNTech,35672188,Italy
2021-06-28,Johnson&Johnson,1234082,Italy
2021-06-28,Moderna,4906479,Italy
2021-06-28,Oxford/AstraZeneca,8769614,Italy
2021-06-28,Pfizer/BioNTech,36100727,Italy
2021-06-29,Johnson&Johnson,1237771,Italy
2021-06-29,Moderna,4982339,Italy
2021-06-29,Oxford/AstraZeneca,8864780,Italy
2021-06-29,Pfizer/BioNTech,36490295,Italy
2021-06-30,Johnson&Johnson,1242577,Italy
2021-06-30,Moderna,5052122,Italy
2021-06-30,Oxford/AstraZeneca,8969882,Italy
2021-06-30,Pfizer/BioNTech,36884998,Italy
2021-07-01,Johnson&Johnson,1247654,Italy
2021-07-01,Moderna,5103326,Italy
2021-07-01,Oxford/AstraZeneca,9054636,Italy
2021-07-01,Pfizer/BioNTech,37313969,Italy
2021-07-02,Johnson&Johnson,1251851,Italy
2021-07-02,Moderna,5155288,Italy
2021-07-02,Oxford/AstraZeneca,9140775,Italy
2021-07-02,Pfizer/BioNTech,37728090,Italy
2021-07-03,Johnson&Johnson,1254603,Italy
2021-07-03,Moderna,5208432,Italy
2021-07-03,Oxford/AstraZeneca,9223249,Italy
2021-07-03,Pfizer/BioNTech,38117596,Italy
2021-07-04,Johnson&Johnson,1257124,Italy
2021-07-04,Moderna,5248757,Italy
2021-07-04,Oxford/AstraZeneca,9288054,Italy
2021-07-04,Pfizer/BioNTech,38425033,Italy
2021-07-05,Johnson&Johnson,1261351,Italy
2021-07-05,Moderna,5331915,Italy
2021-07-05,Oxford/AstraZeneca,9375921,Italy
2021-07-05,Pfizer/BioNTech,38791168,Italy
2021-07-06,Johnson&Johnson,1265406,Italy
2021-07-06,Moderna,5406054,Italy
2021-07-06,Oxford/AstraZeneca,9468399,Italy
2021-07-06,Pfizer/BioNTech,39159635,Italy
2021-07-07,Johnson&Johnson,1268684,Italy
2021-07-07,Moderna,5476815,Italy
2021-07-07,Oxford/AstraZeneca,9576231,Italy
2021-07-07,Pfizer/BioNTech,39526943,Italy
2021-07-08,Johnson&Johnson,1271964,Italy
2021-07-08,Moderna,5526103,Italy
2021-07-08,Oxford/AstraZeneca,9673986,Italy
2021-07-08,Pfizer/BioNTech,39963203,Italy
2021-07-09,Johnson&Johnson,1274953,Italy
2021-07-09,Moderna,5578154,Italy
2021-07-09,Oxford/AstraZeneca,9778865,Italy
2021-07-09,Pfizer/BioNTech,40402840,Italy
2021-07-10,Johnson&Johnson,1276879,Italy
2021-07-10,Moderna,5621326,Italy
2021-07-10,Oxford/AstraZeneca,9879902,Italy
2021-07-10,Pfizer/BioNTech,40826444,Italy
2021-07-11,Johnson&Johnson,1278714,Italy
2021-07-11,Moderna,5652902,Italy
2021-07-11,Oxford/AstraZeneca,9942508,Italy
2021-07-11,Pfizer/BioNTech,41142116,Italy
2021-07-12,Johnson&Johnson,1282134,Italy
2021-07-12,Moderna,5711840,Italy
2021-07-12,Oxford/AstraZeneca,10045828,Italy
2021-07-12,Pfizer/BioNTech,41544207,Italy
2021-07-13,Johnson&Johnson,1285196,Italy
2021-07-13,Moderna,5783831,Italy
2021-07-13,Oxford/AstraZeneca,10137399,Italy
2021-07-13,Pfizer/BioNTech,41949925,Italy
2021-07-14,Johnson&Johnson,1289157,Italy
2021-07-14,Moderna,5865058,Italy
2021-07-14,Oxford/AstraZeneca,10234856,Italy
2021-07-14,Pfizer/BioNTech,42335316,Italy
2021-07-15,Johnson&Johnson,1293197,Italy
2021-07-15,Moderna,5931706,Italy
2021-07-15,Oxford/AstraZeneca,10327349,Italy
2021-07-15,Pfizer/BioNTech,42787122,Italy
2021-07-16,Johnson&Johnson,1296737,Italy
2021-07-16,Moderna,5992782,Italy
2021-07-16,Oxford/AstraZeneca,10419466,Italy
2021-07-16,Pfizer/BioNTech,43227300,Italy
2021-07-17,Johnson&Johnson,1299081,Italy
2021-07-17,Moderna,6052736,Italy
2021-07-17,Oxford/AstraZeneca,10502464,Italy
2021-07-17,Pfizer/BioNTech,43620543,Italy
2021-07-18,Johnson&Johnson,1300579,Italy
2021-07-18,Moderna,6107939,Italy
2021-07-18,Oxford/AstraZeneca,10570209,Italy
2021-07-18,Pfizer/BioNTech,43941431,Italy
2021-07-19,Johnson&Johnson,1303773,Italy
2021-07-19,Moderna,6172198,Italy
2021-07-19,Oxford/AstraZeneca,10663812,Italy
2021-07-19,Pfizer/BioNTech,44355680,Italy
2021-07-20,Johnson&Johnson,1307290,Italy
2021-07-20,Moderna,6247249,Italy
2021-07-20,Oxford/AstraZeneca,10761993,Italy
2021-07-20,Pfizer/BioNTech,44747050,Italy
2021-07-21,Johnson&Johnson,1312470,Italy
2021-07-21,Moderna,6334963,Italy
2021-07-21,Oxford/AstraZeneca,10870685,Italy
2021-07-21,Pfizer/BioNTech,45130448,Italy
2021-07-22,Johnson&Johnson,1317048,Italy
2021-07-22,Moderna,6410043,Italy
2021-07-22,Oxford/AstraZeneca,10981134,Italy
2021-07-22,Pfizer/BioNTech,45547866,Italy
2021-07-23,Johnson&Johnson,1321654,Italy
2021-07-23,Moderna,6482176,Italy
2021-07-23,Oxford/AstraZeneca,11090015,Italy
2021-07-23,Pfizer/BioNTech,45950561,Italy
2021-07-24,Johnson&Johnson,1326212,Italy
2021-07-24,Moderna,6553851,Italy
2021-07-24,Oxford/AstraZeneca,11175909,Italy
2021-07-24,Pfizer/BioNTech,46283914,Italy
2021-07-25,Johnson&Johnson,1329078,Italy
2021-07-25,Moderna,6603053,Italy
2021-07-25,Oxford/AstraZeneca,11233528,Italy
2021-07-25,Pfizer/BioNTech,46537905,Italy
2021-07-26,Johnson&Johnson,1334383,Italy
2021-07-26,Moderna,6679761,Italy
2021-07-26,Oxford/AstraZeneca,11319956,Italy
2021-07-26,Pfizer/BioNTech,46935121,Italy
2021-07-27,Johnson&Johnson,1340526,Italy
2021-07-27,Moderna,6762134,Italy
2021-07-27,Oxford/AstraZeneca,11399725,Italy
2021-07-27,Pfizer/BioNTech,47340858,Italy
2021-07-28,Johnson&Johnson,1347380,Italy
2021-07-28,Moderna,6866076,Italy
2021-07-28,Oxford/AstraZeneca,11479110,Italy
2021-07-28,Pfizer/BioNTech,47690573,Italy
2021-07-29,Johnson&Johnson,1353239,Italy
2021-07-29,Moderna,6970341,Italy
2021-07-29,Oxford/AstraZeneca,11547969,Italy
2021-07-29,Pfizer/BioNTech,48051978,Italy
2021-07-30,Johnson&Johnson,1359434,Italy
2021-07-30,Moderna,7074871,Italy
2021-07-30,Oxford/AstraZeneca,11605845,Italy
2021-07-30,Pfizer/BioNTech,48399956,Italy
2021-07-31,Johnson&Johnson,1363661,Italy
2021-07-31,Moderna,7162905,Italy
2021-07-31,Oxford/AstraZeneca,11653280,Italy
2021-07-31,Pfizer/BioNTech,48693076,Italy
2021-08-01,Johnson&Johnson,1366030,Italy
2021-08-01,Moderna,7233293,Italy
2021-08-01,Oxford/AstraZeneca,11688916,Italy
2021-08-01,Pfizer/BioNTech,48881026,Italy
2021-08-02,Johnson&Johnson,1370419,Italy
2021-08-02,Moderna,7321370,Italy
2021-08-02,Oxford/AstraZeneca,11735883,Italy
2021-08-02,Pfizer/BioNTech,49219829,Italy
2021-08-03,Johnson&Johnson,1374429,Italy
2021-08-03,Moderna,7407678,Italy
2021-08-03,Oxford/AstraZeneca,11772147,Italy
2021-08-03,Pfizer/BioNTech,49562531,Italy
2021-08-04,Johnson&Johnson,1378086,Italy
2021-08-04,Moderna,7502414,Italy
2021-08-04,Oxford/AstraZeneca,11811530,Italy
2021-08-04,Pfizer/BioNTech,49903252,Italy
2021-08-05,Johnson&Johnson,1381605,Italy
2021-08-05,Moderna,7588881,Italy
2021-08-05,Oxford/AstraZeneca,11844341,Italy
2021-08-05,Pfizer/BioNTech,50242876,Italy
2021-08-06,Johnson&Johnson,1386149,Italy
2021-08-06,Moderna,7672514,Italy
2021-08-06,Oxford/AstraZeneca,11877529,Italy
2021-08-06,Pfizer/BioNTech,50561691,Italy
2021-08-07,Johnson&Johnson,1389255,Italy
2021-08-07,Moderna,7741589,Italy
2021-08-07,Oxford/AstraZeneca,11904165,Italy
2021-08-07,Pfizer/BioNTech,50808424,Italy
2021-08-08,Johnson&Johnson,1390823,Italy
2021-08-08,Moderna,7800234,Italy
2021-08-08,Oxford/AstraZeneca,11921085,Italy
2021-08-08,Pfizer/BioNTech,50991025,Italy
2021-08-09,Johnson&Johnson,1394332,Italy
2021-08-09,Moderna,7886686,Italy
2021-08-09,Oxford/AstraZeneca,11942821,Italy
2021-08-09,Pfizer/BioNTech,51287120,Italy
2021-08-10,Johnson&Johnson,1397909,Italy
2021-08-10,Moderna,7971827,Italy
2021-08-10,Oxford/AstraZeneca,11962827,Italy
2021-08-10,Pfizer/BioNTech,51556241,Italy
2021-08-11,Johnson&Johnson,1401977,Italy
2021-08-11,Moderna,8048306,Italy
2021-08-11,Oxford/AstraZeneca,11981702,Italy
2021-08-11,Pfizer/BioNTech,51815959,Italy
2021-08-12,Johnson&Johnson,1405599,Italy
2021-08-12,Moderna,8110984,Italy
2021-08-12,Oxford/AstraZeneca,11996683,Italy
2021-08-12,Pfizer/BioNTech,52073825,Italy
2021-08-13,Johnson&Johnson,1408434,Italy
2021-08-13,Moderna,8161820,Italy
2021-08-13,Oxford/AstraZeneca,12007730,Italy
2021-08-13,Pfizer/BioNTech,52306067,Italy
2021-08-14,Johnson&Johnson,1409461,Italy
2021-08-14,Moderna,8193021,Italy
2021-08-14,Oxford/AstraZeneca,12013036,Italy
2021-08-14,Pfizer/BioNTech,52397221,Italy
2021-08-15,Johnson&Johnson,1409980,Italy
2021-08-15,Moderna,8203850,Italy
2021-08-15,Oxford/AstraZeneca,12015378,Italy
2021-08-15,Pfizer/BioNTech,52436374,Italy
2021-08-16,Johnson&Johnson,1412009,Italy
2021-08-16,Moderna,8250560,Italy
2021-08-16,Oxford/AstraZeneca,12025640,Italy
2021-08-16,Pfizer/BioNTech,52612527,Italy
2021-08-17,Johnson&Johnson,1415427,Italy
2021-08-17,Moderna,8304724,Italy
2021-08-17,Oxford/AstraZeneca,12040702,Italy
2021-08-17,Pfizer/BioNTech,52791297,Italy
2021-08-18,Johnson&Johnson,1419008,Italy
2021-08-18,Moderna,8358346,Italy
2021-08-18,Oxford/AstraZeneca,12053222,Italy
2021-08-18,Pfizer/BioNTech,52981539,Italy
2021-08-19,Johnson&Johnson,1422239,Italy
2021-08-19,Moderna,8412795,Italy
2021-08-19,Oxford/AstraZeneca,12065732,Italy
2021-08-19,Pfizer/BioNTech,53154019,Italy
2021-08-20,Johnson&Johnson,1424700,Italy
2021-08-20,Moderna,8469307,Italy
2021-08-20,Oxford/AstraZeneca,12075834,Italy
2021-08-20,Pfizer/BioNTech,53316532,Italy
2021-08-21,Johnson&Johnson,1426177,Italy
2021-08-21,Moderna,8512620,Italy
2021-08-21,Oxford/AstraZeneca,12083957,Italy
2021-08-21,Pfizer/BioNTech,53420055,Italy
2021-08-22,Johnson&Johnson,1427754,Italy
2021-08-22,Moderna,8542024,Italy
2021-08-22,Oxford/AstraZeneca,12090700,Italy
2021-08-22,Pfizer/BioNTech,53495590,Italy
2021-08-23,Johnson&Johnson,1431423,Italy
2021-08-23,Moderna,8620472,Italy
2021-08-23,Oxford/AstraZeneca,12101980,Italy
2021-08-23,Pfizer/BioNTech,53712997,Italy
2021-08-24,Johnson&Johnson,1434125,Italy
2021-08-24,Moderna,8686667,Italy
2021-08-24,Oxford/AstraZeneca,12108646,Italy
2021-08-24,Pfizer/BioNTech,53918639,Italy
2021-08-25,Johnson&Johnson,1437127,Italy
2021-08-25,Moderna,8753965,Italy
2021-08-25,Oxford/AstraZeneca,12114239,Italy
2021-08-25,Pfizer/BioNTech,54138046,Italy
2021-08-26,Johnson&Johnson,1439892,Italy
2021-08-26,Moderna,8815335,Italy
2021-08-26,Oxford/AstraZeneca,12119348,Italy
2021-08-26,Pfizer/BioNTech,54351089,Italy
2021-08-27,Johnson&Johnson,1442351,Italy
2021-08-27,Moderna,8888027,Italy
2021-08-27,Oxford/AstraZeneca,12123544,Italy
2021-08-27,Pfizer/BioNTech,54562699,Italy
2021-08-28,Johnson&Johnson,1443823,Italy
2021-08-28,Moderna,8949346,Italy
2021-08-28,Oxford/AstraZeneca,12125622,Italy
2021-08-28,Pfizer/BioNTech,54725155,Italy
2021-08-29,Johnson&Johnson,1444700,Italy
2021-08-29,Moderna,8986238,Italy
2021-08-29,Oxford/AstraZeneca,12127072,Italy
2021-08-29,Pfizer/BioNTech,54847022,Italy
2021-08-30,Johnson&Johnson,1447075,Italy
2021-08-30,Moderna,9070226,Italy
2021-08-30,Oxford/AstraZeneca,12130179,Italy
2021-08-30,Pfizer/BioNTech,55108365,Italy
2021-08-31,Johnson&Johnson,1449365,Italy
2021-08-31,Moderna,9150003,Italy
2021-08-31,Oxford/AstraZeneca,12133102,Italy
2021-08-31,Pfizer/BioNTech,55347804,Italy
2021-09-01,Johnson&Johnson,1451224,Italy
2021-09-01,Moderna,9238491,Italy
2021-09-01,Oxford/AstraZeneca,12136177,Italy
2021-09-01,Pfizer/BioNTech,55568684,Italy
2021-09-02,Johnson&Johnson,1453649,Italy
2021-09-02,Moderna,9319055,Italy
2021-09-02,Oxford/AstraZeneca,12138193,Italy
2021-09-02,Pfizer/BioNTech,55782444,Italy
2021-09-03,Johnson&Johnson,1455361,Italy
2021-09-03,Moderna,9398930,Italy
2021-09-03,Oxford/AstraZeneca,12140036,Italy
2021-09-03,Pfizer/BioNTech,55995280,Italy
2021-09-04,Johnson&Johnson,1456466,Italy
2021-09-04,Moderna,9463378,Italy
2021-09-04,Oxford/AstraZeneca,12141292,Italy
2021-09-04,Pfizer/BioNTech,56149418,Italy
2021-09-05,Johnson&Johnson,1457082,Italy
2021-09-05,Moderna,9512454,Italy
2021-09-05,Oxford/AstraZeneca,12141867,Italy
2021-09-05,Pfizer/BioNTech,56242410,Italy
2021-09-06,Johnson&Johnson,1458682,Italy
2021-09-06,Moderna,9598150,Italy
2021-09-06,Oxford/AstraZeneca,12143007,Italy
2021-09-06,Pfizer/BioNTech,56444059,Italy
2021-09-07,Johnson&Johnson,1460134,Italy
2021-09-07,Moderna,9686324,Italy
2021-09-07,Oxford/AstraZeneca,12144118,Italy
2021-09-07,Pfizer/BioNTech,56636165,Italy
2021-09-08,Johnson&Johnson,1461713,Italy
2021-09-08,Moderna,9768722,Italy
2021-09-08,Oxford/AstraZeneca,12145467,Italy
2021-09-08,Pfizer/BioNTech,56822540,Italy
2021-09-09,Johnson&Johnson,1463176,Italy
2021-09-09,Moderna,9848008,Italy
2021-09-09,Oxford/AstraZeneca,12146437,Italy
2021-09-09,Pfizer/BioNTech,57019271,Italy
2021-09-10,Johnson&Johnson,1464159,Italy
2021-09-10,Moderna,9921397,Italy
2021-09-10,Oxford/AstraZeneca,12147283,Italy
2021-09-10,Pfizer/BioNTech,57217937,Italy
2021-09-11,Johnson&Johnson,1465068,Italy
2021-09-11,Moderna,9966592,Italy
2021-09-11,Oxford/AstraZeneca,12147889,Italy
2021-09-11,Pfizer/BioNTech,57376391,Italy
2021-09-12,Johnson&Johnson,1465582,Italy
2021-09-12,Moderna,9992421,Italy
2021-09-12,Oxford/AstraZeneca,12148227,Italy
2021-09-12,Pfizer/BioNTech,57481908,Italy
2021-09-13,Johnson&Johnson,1466372,Italy
2021-09-13,Moderna,10048211,Italy
2021-09-13,Oxford/AstraZeneca,12149105,Italy
2021-09-13,Pfizer/BioNTech,57681015,Italy
2021-09-14,Johnson&Johnson,1467623,Italy
2021-09-14,Moderna,10103004,Italy
2021-09-14,Oxford/AstraZeneca,12149846,Italy
2021-09-14,Pfizer/BioNTech,57863971,Italy
2021-09-15,Johnson&Johnson,1468518,Italy
2021-09-15,Moderna,10149327,Italy
2021-09-15,Oxford/AstraZeneca,12150561,Italy
2021-09-15,Pfizer/BioNTech,58039954,Italy
2021-09-16,Johnson&Johnson,1469521,Italy
2021-09-16,Moderna,10193033,Italy
2021-09-16,Oxford/AstraZeneca,12151199,Italy
2021-09-16,Pfizer/BioNTech,58210888,Italy
2021-09-17,Johnson&Johnson,1470461,Italy
2021-09-17,Moderna,10238720,Italy
2021-09-17,Oxford/AstraZeneca,12151801,Italy
2021-09-17,Pfizer/BioNTech,58382360,Italy
2021-09-18,Johnson&Johnson,1471465,Italy
2021-09-18,Moderna,10277782,Italy
2021-09-18,Oxford/AstraZeneca,12152283,Italy
2021-09-18,Pfizer/BioNTech,58548907,Italy
2021-09-19,Johnson&Johnson,1471991,Italy
2021-09-19,Moderna,10297237,Italy
2021-09-19,Oxford/AstraZeneca,12152511,Italy
2021-09-19,Pfizer/BioNTech,58659526,Italy
2021-09-20,Johnson&Johnson,1472921,Italy
2021-09-20,Moderna,10347564,Italy
2021-09-20,Oxford/AstraZeneca,12153381,Italy
2021-09-20,Pfizer/BioNTech,58874111,Italy
2021-09-21,Johnson&Johnson,1474072,Italy
2021-09-21,Moderna,10395737,Italy
2021-09-21,Oxford/AstraZeneca,12154037,Italy
2021-09-21,Pfizer/BioNTech,59080248,Italy
2021-09-22,Johnson&Johnson,1474994,Italy
2021-09-22,Moderna,10439108,Italy
2021-09-22,Oxford/AstraZeneca,12154627,Italy
2021-09-22,Pfizer/BioNTech,59287298,Italy
2021-09-23,Johnson&Johnson,1476195,Italy
2021-09-23,Moderna,10477198,Italy
2021-09-23,Oxford/AstraZeneca,12155175,Italy
2021-09-23,Pfizer/BioNTech,59477374,Italy
2021-09-24,Johnson&Johnson,1477248,Italy
2021-09-24,Moderna,10518203,Italy
2021-09-24,Oxford/AstraZeneca,12155935,Italy
2021-09-24,Pfizer/BioNTech,59669806,Italy
2021-09-25,Johnson&Johnson,1478317,Italy
2021-09-25,Moderna,10553046,Italy
2021-09-25,Oxford/AstraZeneca,12156456,Italy
2021-09-25,Pfizer/BioNTech,59838415,Italy
2021-09-26,Johnson&Johnson,1479038,Italy
2021-09-26,Moderna,10571185,Italy
2021-09-26,Oxford/AstraZeneca,12156741,Italy
2021-09-26,Pfizer/BioNTech,59946658,Italy
2021-09-27,Johnson&Johnson,1480133,Italy
2021-09-27,Moderna,10608009,Italy
2021-09-27,Oxford/AstraZeneca,12157327,Italy
2021-09-27,Pfizer/BioNTech,60130216,Italy
2021-09-28,Johnson&Johnson,1481026,Italy
2021-09-28,Moderna,10642618,Italy
2021-09-28,Oxford/AstraZeneca,12157919,Italy
2021-09-28,Pfizer/BioNTech,60296451,Italy
2021-09-29,Johnson&Johnson,1481788,Italy
2021-09-29,Moderna,10678091,Italy
2021-09-29,Oxford/AstraZeneca,12158560,Italy
2021-09-29,Pfizer/BioNTech,60456924,Italy
2021-09-30,Johnson&Johnson,1483208,Italy
2021-09-30,Moderna,10717519,Italy
2021-09-30,Oxford/AstraZeneca,12159353,Italy
2021-09-30,Pfizer/BioNTech,60619401,Italy
2021-10-01,Johnson&Johnson,1483749,Italy
2021-10-01,Moderna,10750279,Italy
2021-10-01,Oxford/AstraZeneca,12159847,Italy
2021-10-01,Pfizer/BioNTech,60762282,Italy
2021-10-02,Johnson&Johnson,1484264,Italy
2021-10-02,Moderna,10777228,Italy
2021-10-02,Oxford/AstraZeneca,12160241,Italy
2021-10-02,Pfizer/BioNTech,60884779,Italy
2021-10-03,Johnson&Johnson,1484543,Italy
2021-10-03,Moderna,10791487,Italy
2021-10-03,Oxford/AstraZeneca,12160462,Italy
2021-10-03,Pfizer/BioNTech,60956010,Italy
2021-10-04,Johnson&Johnson,1485005,Italy
2021-10-04,Moderna,10818303,Italy
2021-10-04,Oxford/AstraZeneca,12160889,Italy
2021-10-04,Pfizer/BioNTech,61103540,Italy
2021-10-05,Johnson&Johnson,1485531,Italy
2021-10-05,Moderna,10845722,Italy
2021-10-05,Oxford/AstraZeneca,12161255,Italy
2021-10-05,Pfizer/BioNTech,61241306,Italy
2021-10-06,Johnson&Johnson,1486059,Italy
2021-10-06,Moderna,10872445,Italy
2021-10-06,Oxford/AstraZeneca,12161590,Italy
2021-10-06,Pfizer/BioNTech,61372915,Italy
2021-10-07,Johnson&Johnson,1486653,Italy
2021-10-07,Moderna,10899808,Italy
2021-10-07,Oxford/AstraZeneca,12161971,Italy
2021-10-07,Pfizer/BioNTech,61505322,Italy
2021-10-08,Johnson&Johnson,1487327,Italy
2021-10-08,Moderna,10928028,Italy
2021-10-08,Oxford/AstraZeneca,12162323,Italy
2021-10-08,Pfizer/BioNTech,61648708,Italy
2021-10-09,Johnson&Johnson,1487976,Italy
2021-10-09,Moderna,10950529,Italy
2021-10-09,Oxford/AstraZeneca,12162586,Italy
2021-10-09,Pfizer/BioNTech,61773539,Italy
2021-10-10,Johnson&Johnson,1488333,Italy
2021-10-10,Moderna,10963970,Italy
2021-10-10,Oxford/AstraZeneca,12162710,Italy
2021-10-10,Pfizer/BioNTech,61844809,Italy
2021-10-11,Johnson&Johnson,1488792,Italy
2021-10-11,Moderna,10987123,Italy
2021-10-11,Oxford/AstraZeneca,12163199,Italy
2021-10-11,Pfizer/BioNTech,62003673,Italy
2021-10-12,Johnson&Johnson,1489512,Italy
2021-10-12,Moderna,11010875,Italy
2021-10-12,Oxford/AstraZeneca,12163557,Italy
2021-10-12,Pfizer/BioNTech,62168329,Italy
2021-10-13,Johnson&Johnson,1490237,Italy
2021-10-13,Moderna,11036073,Italy
2021-10-13,Oxford/AstraZeneca,12163895,Italy
2021-10-13,Pfizer/BioNTech,62347103,Italy
2021-10-14,Johnson&Johnson,1491061,Italy
2021-10-14,Moderna,11067345,Italy
2021-10-14,Oxford/AstraZeneca,12164366,Italy
2021-10-14,Pfizer/BioNTech,62539776,Italy
2021-10-15,Johnson&Johnson,1491778,Italy
2021-10-15,Moderna,11097199,Italy
2021-10-15,Oxford/AstraZeneca,12164815,Italy
2021-10-15,Pfizer/BioNTech,62728258,Italy
2021-10-16,Johnson&Johnson,1492418,Italy
2021-10-16,Moderna,11122686,Italy
2021-10-16,Oxford/AstraZeneca,12165028,Italy
2021-10-16,Pfizer/BioNTech,62873074,Italy
2021-10-17,Johnson&Johnson,1492829,Italy
2021-10-17,Moderna,11135683,Italy
2021-10-17,Oxford/AstraZeneca,12165169,Italy
2021-10-17,Pfizer/BioNTech,62963433,Italy
2021-10-18,Johnson&Johnson,1493172,Italy
2021-10-18,Moderna,11159969,Italy
2021-10-18,Oxford/AstraZeneca,12165428,Italy
2021-10-18,Pfizer/BioNTech,63135600,Italy
2021-10-19,Johnson&Johnson,1493552,Italy
2021-10-19,Moderna,11184273,Italy
2021-10-19,Oxford/AstraZeneca,12165617,Italy
2021-10-19,Pfizer/BioNTech,63296840,Italy
2021-10-20,Johnson&Johnson,1493830,Italy
2021-10-20,Moderna,11205134,Italy
2021-10-20,Oxford/AstraZeneca,12165839,Italy
2021-10-20,Pfizer/BioNTech,63463465,Italy
2021-10-21,Johnson&Johnson,1494166,Italy
2021-10-21,Moderna,11225831,Italy
2021-10-21,Oxford/AstraZeneca,12166014,Italy
2021-10-21,Pfizer/BioNTech,63633837,Italy
2021-10-22,Johnson&Johnson,1494654,Italy
2021-10-22,Moderna,11247654,Italy
2021-10-22,Oxford/AstraZeneca,12166210,Italy
2021-10-22,Pfizer/BioNTech,63791864,Italy
2021-10-23,Johnson&Johnson,1494864,Italy
2021-10-23,Moderna,11264069,Italy
2021-10-23,Oxford/AstraZeneca,12166330,Italy
2021-10-23,Pfizer/BioNTech,63908837,Italy
2021-10-24,Johnson&Johnson,1495027,Italy
2021-10-24,Moderna,11273207,Italy
2021-10-24,Oxford/AstraZeneca,12166373,Italy
2021-10-24,Pfizer/BioNTech,63967031,Italy
2021-10-25,Johnson&Johnson,1495242,Italy
2021-10-25,Moderna,11291247,Italy
2021-10-25,Oxford/AstraZeneca,12166524,Italy
2021-10-25,Pfizer/BioNTech,64118479,Italy
2021-10-26,Johnson&Johnson,1495452,Italy
2021-10-26,Moderna,11307322,Italy
2021-10-26,Oxford/AstraZeneca,12166651,Italy
2021-10-26,Pfizer/BioNTech,64273394,Italy
2021-10-27,Johnson&Johnson,1495625,Italy
2021-10-27,Moderna,11324016,Italy
2021-10-27,Oxford/AstraZeneca,12166762,Italy
2021-10-27,Pfizer/BioNTech,64439564,Italy
2021-10-28,Johnson&Johnson,1495761,Italy
2021-10-28,Moderna,11342923,Italy
2021-10-28,Oxford/AstraZeneca,12166886,Italy
2021-10-28,Pfizer/BioNTech,64615820,Italy
2021-10-29,Johnson&Johnson,1495886,Italy
2021-10-29,Moderna,11360769,Italy
2021-10-29,Oxford/AstraZeneca,12167012,Italy
2021-10-29,Pfizer/BioNTech,64780882,Italy
2021-10-30,Johnson&Johnson,1496001,Italy
2021-10-30,Moderna,11375427,Italy
2021-10-30,Oxford/AstraZeneca,12167154,Italy
2021-10-30,Pfizer/BioNTech,64900054,Italy
2021-10-31,Johnson&Johnson,1496049,Italy
2021-10-31,Moderna,11381189,Italy
2021-10-31,Oxford/AstraZeneca,12167196,Italy
2021-10-31,Pfizer/BioNTech,64954965,Italy
2021-11-01,Johnson&Johnson,1496073,Italy
2021-11-01,Moderna,11385622,Italy
2021-11-01,Pfizer/BioNTech,65003127,Italy
2021-11-02,Johnson&Johnson,1496153,Italy
2021-11-02,Moderna,11401361,Italy
2021-11-02,Pfizer/BioNTech,65155594,Italy
2021-11-03,Johnson&Johnson,1496255,Italy
2021-11-03,Moderna,11417073,Italy
2021-11-03,Pfizer/BioNTech,65335693,Italy
2021-11-04,Johnson&Johnson,1496327,Italy
2021-11-04,Moderna,11436972,Italy
2021-11-04,Oxford/AstraZeneca,12167197,Italy
2021-11-04,Pfizer/BioNTech,65518791,Italy
2021-11-05,Johnson&Johnson,1496541,Italy
2021-11-05,Moderna,11459596,Italy
2021-11-05,Pfizer/BioNTech,65711976,Italy
2021-11-06,Johnson&Johnson,1496625,Italy
2021-11-06,Moderna,11480426,Italy
2021-11-06,Pfizer/BioNTech,65843839,Italy
2021-11-07,Johnson&Johnson,1496638,Italy
2021-11-07,Moderna,11490470,Italy
2021-11-07,Pfizer/BioNTech,65900845,Italy
2021-11-08,Johnson&Johnson,1496712,Italy
2021-11-08,Moderna,11515692,Italy
2021-11-08,Oxford/AstraZeneca,12167198,Italy
2021-11-08,Pfizer/BioNTech,66076183,Italy
2021-11-09,Johnson&Johnson,1496770,Italy
2021-11-09,Moderna,11543216,Italy
2021-11-09,Oxford/AstraZeneca,12167207,Italy
2021-11-09,Pfizer/BioNTech,66255480,Italy
2021-11-10,Johnson&Johnson,1496824,Italy
2021-11-10,Moderna,11572383,Italy
2021-11-10,Oxford/AstraZeneca,12167211,Italy
2021-11-10,Pfizer/BioNTech,66443297,Italy
2021-11-11,Johnson&Johnson,1496887,Italy
2021-11-11,Moderna,11605621,Italy
2021-11-11,Oxford/AstraZeneca,12167216,Italy
2021-11-11,Pfizer/BioNTech,66628561,Italy
2021-11-12,Johnson&Johnson,1496971,Italy
2021-11-12,Moderna,11639511,Italy
2021-11-12,Oxford/AstraZeneca,12167230,Italy
2021-11-12,Pfizer/BioNTech,66817794,Italy
2021-11-13,Johnson&Johnson,1497048,Italy
2021-11-13,Moderna,11670232,Italy
2021-11-13,Oxford/AstraZeneca,12167236,Italy
2021-11-13,Pfizer/BioNTech,66953817,Italy
2021-11-14,Johnson&Johnson,1497089,Italy
2021-11-14,Moderna,11684733,Italy
2021-11-14,Oxford/AstraZeneca,12167237,Italy
2021-11-14,Pfizer/BioNTech,67013331,Italy
2021-11-15,Johnson&Johnson,1497143,Italy
2021-11-15,Moderna,11717834,Italy
2021-11-15,Oxford/AstraZeneca,12167248,Italy
2021-11-15,Pfizer/BioNTech,67191929,Italy
2021-11-16,Johnson&Johnson,1497237,Italy
2021-11-16,Moderna,11752688,Italy
2021-11-16,Oxford/AstraZeneca,12167258,Italy
2021-11-16,Pfizer/BioNTech,67375926,Italy
2021-11-17,Johnson&Johnson,1497310,Italy
2021-11-17,Moderna,11791411,Italy
2021-11-17,Oxford/AstraZeneca,12167265,Italy
2021-11-17,Pfizer/BioNTech,67561217,Italy
2021-11-18,Johnson&Johnson,1497381,Italy
2021-11-18,Moderna,11836455,Italy
2021-11-18,Oxford/AstraZeneca,12167280,Italy
2021-11-18,Pfizer/BioNTech,67759641,Italy
2021-11-19,Johnson&Johnson,1497434,Italy
2021-11-19,Moderna,11888150,Italy
2021-11-19,Oxford/AstraZeneca,12167287,Italy
2021-11-19,Pfizer/BioNTech,67961723,Italy
2021-11-20,Johnson&Johnson,1497499,Italy
2021-11-20,Moderna,11931914,Italy
2021-11-20,Oxford/AstraZeneca,12167292,Italy
2021-11-20,Pfizer/BioNTech,68112060,Italy
2021-11-21,Johnson&Johnson,1497541,Italy
2021-11-21,Moderna,11950693,Italy
2021-11-21,Pfizer/BioNTech,68176804,Italy
2021-11-22,Johnson&Johnson,1497612,Italy
2021-11-22,Moderna,12019785,Italy
2021-11-22,Oxford/AstraZeneca,12167301,Italy
2021-11-22,Pfizer/BioNTech,68363024,Italy
2021-11-23,Johnson&Johnson,1497723,Italy
2021-11-23,Moderna,12093805,Italy
2021-11-23,Oxford/AstraZeneca,12167308,Italy
2021-11-23,Pfizer/BioNTech,68574119,Italy
2021-11-24,Johnson&Johnson,1497838,Italy
2021-11-24,Moderna,12179423,Italy
2021-11-24,Oxford/AstraZeneca,12167318,Italy
2021-11-24,Pfizer/BioNTech,68807146,Italy
2021-11-25,Johnson&Johnson,1497933,Italy
2021-11-25,Moderna,12280641,Italy
2021-11-25,Oxford/AstraZeneca,12167323,Italy
2021-11-25,Pfizer/BioNTech,69055682,Italy
2021-11-26,Johnson&Johnson,1498054,Italy
2021-11-26,Moderna,12387740,Italy
2021-11-26,Oxford/AstraZeneca,12167329,Italy
2021-11-26,Pfizer/BioNTech,69318233,Italy
2021-11-27,Johnson&Johnson,1498157,Italy
2021-11-27,Moderna,12496370,Italy
2021-11-27,Oxford/AstraZeneca,12167334,Italy
2021-11-27,Pfizer/BioNTech,69524374,Italy
2021-11-28,Johnson&Johnson,1498223,Italy
2021-11-28,Moderna,12566374,Italy
2021-11-28,Pfizer/BioNTech,69615211,Italy
2021-11-29,Johnson&Johnson,1498304,Italy
2021-11-29,Moderna,12707848,Italy
2021-11-29,Oxford/AstraZeneca,12167343,Italy
2021-11-29,Pfizer/BioNTech,69852832,Italy
2021-11-30,Johnson&Johnson,1498425,Italy
2021-11-30,Moderna,12869222,Italy
2021-11-30,Oxford/AstraZeneca,12167344,Italy
2021-11-30,Pfizer/BioNTech,70109940,Italy
2021-12-01,Johnson&Johnson,1498532,Italy
2021-12-01,Moderna,13055771,Italy
2021-12-01,Pfizer/BioNTech,70387083,Italy
2021-12-02,Johnson&Johnson,1498632,Italy
2021-12-02,Moderna,13272520,Italy
2021-12-02,Oxford/AstraZeneca,12167345,Italy
2021-12-02,Pfizer/BioNTech,70664265,Italy
2021-12-03,Johnson&Johnson,1498738,Italy
2021-12-03,Moderna,13506435,Italy
2021-12-03,Oxford/AstraZeneca,12167346,Italy
2021-12-03,Pfizer/BioNTech,70953854,Italy
2021-12-04,Johnson&Johnson,1498901,Italy
2021-12-04,Moderna,13756696,Italy
2021-12-04,Oxford/AstraZeneca,12167347,Italy
2021-12-04,Pfizer/BioNTech,71173625,Italy
2021-12-05,Johnson&Johnson,1498976,Italy
2021-12-05,Moderna,13934277,Italy
2021-12-05,Oxford/AstraZeneca,12167348,Italy
2021-12-05,Pfizer/BioNTech,71290008,Italy
2021-12-06,Johnson&Johnson,1499090,Italy
2021-12-06,Moderna,14211618,Italy
2021-12-06,Pfizer/BioNTech,71535923,Italy
2021-12-07,Johnson&Johnson,1499264,Italy
2021-12-07,Moderna,14506048,Italy
2021-12-07,Pfizer/BioNTech,71783971,Italy
2021-12-08,Johnson&Johnson,1499353,Italy
2021-12-08,Moderna,14689174,Italy
2021-12-08,Pfizer/BioNTech,71881907,Italy
2021-12-09,Johnson&Johnson,1499466,Italy
2021-12-09,Moderna,14989854,Italy
2021-12-09,Pfizer/BioNTech,72138575,Italy
2021-12-10,Johnson&Johnson,1499594,Italy
2021-12-10,Moderna,15317265,Italy
2021-12-10,Pfizer/BioNTech,72387936,Italy
2021-12-11,Johnson&Johnson,1499703,Italy
2021-12-11,Moderna,15643820,Italy
2021-12-11,Pfizer/BioNTech,72572128,Italy
2021-12-12,Johnson&Johnson,1499773,Italy
2021-12-12,Moderna,15871054,Italy
2021-12-12,Pfizer/BioNTech,72669240,Italy
2021-12-13,Johnson&Johnson,1499882,Italy
2021-12-13,Moderna,16203303,Italy
2021-12-13,Oxford/AstraZeneca,12167349,Italy
2021-12-13,Pfizer/BioNTech,72859465,Italy
2021-12-14,Johnson&Johnson,1500012,Italy
2021-12-14,Moderna,16548981,Italy
2021-12-14,Oxford/AstraZeneca,12167350,Italy
2021-12-14,Pfizer/BioNTech,73061288,Italy
2021-12-15,Johnson&Johnson,1500108,Italy
2021-12-15,Moderna,16902442,Italy
2021-12-15,Pfizer/BioNTech,73276955,Italy
2021-12-16,Johnson&Johnson,1500236,Italy
2021-12-16,Moderna,17256792,Italy
2021-12-16,Pfizer/BioNTech,73511438,Italy
2021-12-17,Johnson&Johnson,1500313,Italy
2021-12-17,Moderna,17613285,Italy
2021-12-17,Oxford/AstraZeneca,12167351,Italy
2021-12-17,Pfizer/BioNTech,73737318,Italy
2021-12-18,Johnson&Johnson,1500401,Italy
2021-12-18,Moderna,17959671,Italy
2021-12-18,Pfizer/BioNTech,73934777,Italy
2021-12-19,Johnson&Johnson,1500448,Italy
2021-12-19,Moderna,18204318,Italy
2021-12-19,Oxford/AstraZeneca,12167352,Italy
2021-12-19,Pfizer/BioNTech,74040299,Italy
2021-12-20,Johnson&Johnson,1500549,Italy
2021-12-20,Moderna,18565385,Italy
2021-12-20,Oxford/AstraZeneca,12167354,Italy
2021-12-20,Pfizer/BioNTech,74224431,Italy
2021-12-21,Johnson&Johnson,1500669,Italy
2021-12-21,Moderna,18922052,Italy
2021-12-21,Pfizer/BioNTech,74427809,Italy
2021-12-22,Johnson&Johnson,1500774,Italy
2021-12-22,Moderna,19269648,Italy
2021-12-22,Pfizer/BioNTech,74631583,Italy
2021-12-23,Johnson&Johnson,1500866,Italy
2021-12-23,Moderna,19580585,Italy
2021-12-23,Pfizer/BioNTech,74813768,Italy
2021-12-24,Johnson&Johnson,1500916,Italy
2021-12-24,Moderna,19739454,Italy
2021-12-24,Pfizer/BioNTech,74892247,Italy
2021-12-25,Johnson&Johnson,1500929,Italy
2021-12-25,Moderna,19760043,Italy
2021-12-25,Pfizer/BioNTech,74908238,Italy
2021-12-26,Johnson&Johnson,1500949,Italy
2021-12-26,Moderna,19888846,Italy
2021-12-26,Pfizer/BioNTech,74962778,Italy
2021-12-27,Johnson&Johnson,1501014,Italy
2021-12-27,Moderna,20277049,Italy
2021-12-27,Pfizer/BioNTech,75170819,Italy
2021-12-28,Johnson&Johnson,1501081,Italy
2021-12-28,Moderna,20685152,Italy
2021-12-28,Pfizer/BioNTech,75413016,Italy
2021-12-29,Johnson&Johnson,1501126,Italy
2021-12-29,Moderna,21081526,Italy
2021-12-29,Pfizer/BioNTech,75655997,Italy
2021-12-30,Johnson&Johnson,1501222,Italy
2021-12-30,Moderna,21438828,Italy
2021-12-30,Oxford/AstraZeneca,12167355,Italy
2021-12-30,Pfizer/BioNTech,75879990,Italy
2021-12-31,Johnson&Johnson,1501298,Italy
2021-12-31,Moderna,21619874,Italy
2021-12-31,Pfizer/BioNTech,75979054,Italy
2022-01-01,Johnson&Johnson,1501322,Italy
2022-01-01,Moderna,21669082,Italy
2022-01-01,Oxford/AstraZeneca,12167356,Italy
2022-01-01,Pfizer/BioNTech,76002844,Italy
2022-01-02,Johnson&Johnson,1501402,Italy
2022-01-02,Moderna,21892362,Italy
2022-01-02,Pfizer/BioNTech,76118188,Italy
2022-01-03,Johnson&Johnson,1501516,Italy
2022-01-03,Moderna,22286940,Italy
2022-01-03,Pfizer/BioNTech,76350774,Italy
2022-01-04,Johnson&Johnson,1501650,Italy
2022-01-04,Moderna,22711302,Italy
2022-01-04,Pfizer/BioNTech,76614431,Italy
2022-01-05,Johnson&Johnson,1501713,Italy
2022-01-05,Moderna,23122869,Italy
2022-01-05,Pfizer/BioNTech,76868742,Italy
2022-01-06,Johnson&Johnson,1501805,Italy
2022-01-06,Moderna,23335310,Italy
2022-01-06,Pfizer/BioNTech,76996136,Italy
2022-01-07,Johnson&Johnson,1501910,Italy
2022-01-07,Moderna,23741867,Italy
2022-01-07,Pfizer/BioNTech,77275971,Italy
2022-01-08,Johnson&Johnson,1502085,Italy
2022-01-08,Moderna,24115356,Italy
2022-01-08,Pfizer/BioNTech,77541606,Italy
2022-01-09,Johnson&Johnson,1502233,Italy
2022-01-09,Moderna,24363595,Italy
2022-01-09,Pfizer/BioNTech,77713647,Italy
2022-01-10,Johnson&Johnson,1502371,Italy
2022-01-10,Moderna,24748831,Italy
2022-01-10,Pfizer/BioNTech,77994804,Italy
2022-01-11,Johnson&Johnson,1502505,Italy
2022-01-11,Moderna,25153600,Italy
2022-01-11,Oxford/AstraZeneca,12167357,Italy
2022-01-11,Pfizer/BioNTech,78312342,Italy
2022-01-12,Johnson&Johnson,1502632,Italy
2022-01-12,Moderna,25537708,Italy
2022-01-12,Pfizer/BioNTech,78637635,Italy
2022-01-13,Johnson&Johnson,1502723,Italy
2022-01-13,Moderna,25918601,Italy
2022-01-13,Pfizer/BioNTech,78959622,Italy
2022-01-14,Johnson&Johnson,1502860,Italy
2022-01-14,Moderna,26300353,Italy
2022-01-14,Pfizer/BioNTech,79280061,Italy
2022-01-15,Johnson&Johnson,1502960,Italy
2022-01-15,Moderna,26675742,Italy
2022-01-15,Pfizer/BioNTech,79597697,Italy
2022-01-16,Johnson&Johnson,1503046,Italy
2022-01-16,Moderna,26898181,Italy
2022-01-16,Pfizer/BioNTech,79805125,Italy
2022-01-17,Johnson&Johnson,1503141,Italy
2022-01-17,Moderna,27222893,Italy
2022-01-17,Pfizer/BioNTech,80073145,Italy
2022-01-18,Johnson&Johnson,1503315,Italy
2022-01-18,Moderna,27549119,Italy
2022-01-18,Pfizer/BioNTech,80367170,Italy
2022-01-19,Johnson&Johnson,1503367,Italy
2022-01-19,Moderna,27859938,Italy
2022-01-19,Pfizer/BioNTech,80635873,Italy
