Country,Year,people_vaccinated_per_hundred,uncertain_covid_vaccinate_this_week_pct_pop,unwillingness_covid_vaccinate_this_week_pct_pop,willingness_covid_vaccinate_this_week_pct_pop
Australia,419,0.71,19.8,27.72,51.77
Australia,450,4.82,20.13,31.32,43.73
Australia,480,10.7,20.71,31.14,37.45
Australia,511,20.0,18.91,28.45,32.64
Australia,541,27.57,15.7,25.69,31.04
Australia,572,38.41,14.2,18.42,28.97
Australia,603,56.2,9.19,17.58,17.03
Australia,633,70.26,5.25,16.77,7.72
Australia,664,76.03,4.63,15.26,4.08
Canada,329,0.0,19.8,31.35,48.85
Canada,360,1.3,15.71,28.21,54.78
Canada,391,2.59,15.81,27.47,54.13
Canada,419,6.77,13.12,24.26,55.85
Canada,450,22.02,11.69,24.46,41.83
Canada,480,44.12,9.49,23.34,23.05
Canada,511,65.13,6.52,20.09,8.26
Canada,541,69.58,7.97,18.46,3.99
Canada,572,72.16,6.8,17.13,3.91
Canada,603,74.82,4.27,17.64,3.27
Canada,633,77.55,3.5,16.66,2.29
Canada,664,78.99,2.99,16.07,1.95
Denmark,360,2.62,15.18,18.24,63.96
Denmark,391,4.07,10.42,16.47,69.04
Denmark,419,9.8,11.48,20.38,58.34
Denmark,450,17.23,9.72,17.8,55.25
Denmark,480,27.93,11.62,18.76,41.69
Denmark,511,48.51,10.39,14.72,26.38
Denmark,541,65.9,5.64,16.65,11.81
Denmark,572,74.31,5.33,16.36,4.0
Denmark,603,76.19,4.06,16.48,3.27
Denmark,633,76.74,3.22,17.32,2.72
Denmark,664,77.8,3.18,17.37,1.65
France,360,0.62,17.45,46.53,35.4
France,391,3.63,14.67,42.46,39.24
France,419,8.21,15.3,39.7,36.79
France,450,18.24,14.49,35.7,31.57
France,480,30.41,12.82,33.4,23.37
France,511,46.22,9.85,34.98,8.95
France,541,55.01,7.6,29.56,7.83
France,572,68.83,4.38,23.17,3.62
France,603,73.81,3.91,20.17,2.11
France,633,75.46,1.97,20.03,2.54
France,664,76.41,2.19,19.37,2.03
Germany,360,1.33,16.63,30.72,51.32
Germany,391,3.4,13.35,25.85,57.4
Germany,419,8.22,13.28,24.98,53.52
Germany,450,18.49,12.85,21.4,47.26
Germany,480,36.71,10.87,19.34,33.08
Germany,511,49.07,8.89,22.94,19.1
Germany,541,59.45,8.1,24.13,8.32
Germany,572,62.98,6.71,24.02,6.29
Germany,603,66.34,5.4,24.04,4.22
Germany,633,68.23,4.95,23.65,3.17
Germany,664,69.48,5.48,23.18,1.86
Italy,360,1.86,17.66,26.24,54.24
Italy,391,3.02,15.67,22.4,58.91
Italy,419,8.24,13.25,24.82,53.69
Italy,450,17.09,12.04,23.39,47.48
Italy,480,31.59,10.5,19.3,38.61
Italy,511,50.11,9.4,18.06,22.43
Italy,541,60.29,9.29,20.0,10.42
Italy,572,67.58,6.45,18.78,7.19
Italy,603,72.96,5.21,17.57,4.26
Italy,633,76.46,3.23,17.82,2.49
Italy,664,77.67,4.04,15.54,2.75
Japan,419,0.22,25.07,21.43,53.28
Japan,450,0.95,24.04,19.5,55.51
Japan,480,4.24,21.82,15.81,58.13
Japan,511,18.26,18.54,13.97,49.23
Japan,541,34.77,15.13,13.54,36.56
Japan,572,49.73,9.97,12.05,28.25
Japan,603,65.17,8.22,11.77,14.84
Japan,633,75.05,5.88,14.16,4.91
Japan,664,78.78,6.15,12.18,2.89
Netherlands,391,4.02,16.81,20.52,58.65
Netherlands,603,73.81,3.59,19.37,3.23
Netherlands,633,75.25,2.04,20.51,2.2
Netherlands,664,76.7,2.0,19.3,2.0
Norway,329,0.0,21.8,32.5,45.7
Norway,360,0.94,17.9,26.26,54.9
Norway,391,4.43,13.93,24.8,56.84
Norway,419,8.42,13.01,26.02,52.55
Norway,450,19.3,11.05,22.48,47.17
Norway,480,29.36,12.27,20.11,38.26
Norway,511,37.25,9.78,21.68,31.29
Norway,541,58.94,7.39,20.2,13.47
Norway,572,69.21,4.83,19.52,6.44
Singapore,360,0.11,34.87,28.7,36.32
Singapore,391,4.58,29.37,20.75,45.3
Singapore,419,10.07,25.03,19.69,45.21
Singapore,480,34.84,17.53,15.73,31.9
Singapore,511,49.52,12.3,11.45,26.73
Singapore,541,74.31,9.3,9.37,7.02
Singapore,572,82.66,6.74,7.61,2.99
South Korea,419,1.21,27.5,22.94,48.35
South Korea,450,2.77,26.75,22.95,47.53
South Korea,480,7.4,28.57,22.89,41.14
South Korea,511,26.02,20.12,15.43,38.43
South Korea,541,31.31,18.6,13.86,36.23
South Korea,572,43.87,16.89,12.45,26.79
South Korea,603,68.37,8.21,13.12,10.3
Spain,360,1.64,20.93,25.55,51.88
Spain,391,3.27,19.02,24.45,53.26
Spain,419,8.45,18.01,24.3,49.24
Spain,450,18.47,17.32,20.44,43.77
Spain,480,31.9,13.87,19.04,35.19
Spain,511,47.17,12.0,15.73,25.1
Spain,541,62.11,8.0,14.18,15.71
Spain,572,74.27,6.15,13.68,5.9
Spain,603,79.88,3.65,12.69,3.78
Spain,633,81.01,3.25,13.79,1.95
Spain,664,81.66,2.48,13.55,2.31
Sweden,360,0.52,17.3,26.6,55.58
Sweden,391,3.86,12.16,24.55,59.43
Sweden,419,8.84,11.13,23.6,56.43
Sweden,450,15.71,12.37,23.99,47.93
Sweden,480,30.75,10.1,22.17,36.98
Sweden,511,42.66,8.26,21.7,27.38
Sweden,541,56.33,8.12,23.18,12.37
Sweden,572,65.9,5.74,22.11,6.25
Sweden,603,69.24,5.65,21.06,4.05
United Kingdom,360,5.24,7.95,12.81,74.0
United Kingdom,391,22.84,6.78,11.49,58.89
United Kingdom,419,36.42,6.57,14.1,42.91
United Kingdom,450,47.76,4.22,12.89,35.13
United Kingdom,480,53.62,4.54,13.09,28.75
United Kingdom,511,61.61,5.27,21.37,11.75
United Kingdom,541,67.67,6.02,21.5,4.81
United Kingdom,572,69.4,5.63,21.54,3.43
United Kingdom,603,71.11,4.25,21.9,2.74
United Kingdom,633,72.39,4.2,20.88,2.53
United Kingdom,664,74.21,2.76,19.3,3.73
United States,391,13.12,13.12,32.77,40.99
United States,419,23.72,13.8,29.82,32.66
United States,450,40.5,9.36,29.59,20.55
United States,480,48.62,10.96,28.59,11.83
United States,511,53.31,7.37,31.57,7.75
United States,541,55.67,8.45,28.48,7.4
United States,572,59.48,9.11,24.09,7.32
United States,603,62.86,6.32,24.09,6.73
United States,633,65.03,5.26,25.87,3.84
