total_vaccinations,date,people_fully_vaccinated,people_vaccinated,location,source_url,vaccine
3836.0,2021-01-06,,,Netherlands,https://coronadashboard.government.nl/landelijk/vaccinaties,Pfizer/BioNTech
10223.0,2021-01-07,,,Netherlands,https://coronadashboard.government.nl/landelijk/vaccinaties,Pfizer/BioNTech
17998.0,2021-01-08,,,Netherlands,https://coronadashboard.government.nl/landelijk/vaccinaties,Pfizer/BioNTech
25763.0,2021-01-09,,,Netherlands,https://coronadashboard.government.nl/landelijk/vaccinaties,Pfizer/BioNTech
43349.0,2021-01-11,,,Netherlands,https://coronadashboard.government.nl/landelijk/vaccinaties,Pfizer/BioNTech
50395.0,2021-01-12,,,Netherlands,https://coronadashboard.government.nl/landelijk/vaccinaties,Pfizer/BioNTech
56054.0,2021-01-13,,,Netherlands,https://coronadashboard.government.nl/landelijk/vaccinaties,Pfizer/BioNTech
61709.0,2021-01-14,,,Netherlands,https://coronadashboard.government.nl/landelijk/vaccinaties,Pfizer/BioNTech
67135.0,2021-01-15,,,Netherlands,https://coronadashboard.government.nl/landelijk/vaccinaties,Pfizer/BioNTech
72098.0,2021-01-16,,,Netherlands,https://coronadashboard.government.nl/landelijk/vaccinaties,Pfizer/BioNTech
77062.0,2021-01-17,1312.0,76960.0,Netherlands,https://coronadashboard.government.nl/landelijk/vaccinaties,Pfizer/BioNTech
90501.0,2021-01-18,,,Netherlands,https://coronadashboard.government.nl/landelijk/vaccinaties,"Moderna, Pfizer/BioNTech"
103941.0,2021-01-19,,,Netherlands,https://coronadashboard.government.nl/landelijk/vaccinaties,"Moderna, Pfizer/BioNTech"
117379.0,2021-01-20,,,Netherlands,https://coronadashboard.government.nl/landelijk/vaccinaties,"Moderna, Pfizer/BioNTech"
130814.0,2021-01-21,,,Netherlands,https://coronadashboard.government.nl/landelijk/vaccinaties,"Moderna, Pfizer/BioNTech"
145100.0,2021-01-22,,,Netherlands,https://coronadashboard.government.nl/landelijk/vaccinaties,"Moderna, Pfizer/BioNTech"
155923.0,2021-01-23,,,Netherlands,https://coronadashboard.government.nl/landelijk/vaccinaties,"Moderna, Pfizer/BioNTech"
166744.0,2021-01-24,3771.0,166313.0,Netherlands,https://coronadashboard.government.nl/landelijk/vaccinaties,"Moderna, Pfizer/BioNTech"
182784.0,2021-01-25,,,Netherlands,https://coronadashboard.government.nl/landelijk/vaccinaties,"Moderna, Pfizer/BioNTech"
202298.0,2021-01-26,,,Netherlands,https://coronadashboard.government.nl/landelijk/vaccinaties,"Moderna, Pfizer/BioNTech"
228684.0,2021-01-27,,,Netherlands,https://coronadashboard.government.nl/landelijk/vaccinaties,"Moderna, Pfizer/BioNTech"
259011.0,2021-01-28,,,Netherlands,https://coronadashboard.government.nl/landelijk/vaccinaties,"Moderna, Pfizer/BioNTech"
293476.0,2021-01-29,,,Netherlands,https://coronadashboard.government.nl/landelijk/vaccinaties,"Moderna, Pfizer/BioNTech"
324442.0,2021-01-30,,,Netherlands,https://coronadashboard.government.nl/landelijk/vaccinaties,"Moderna, Pfizer/BioNTech"
352607.0,2021-01-31,8801.0,348868.0,Netherlands,https://coronadashboard.government.nl/landelijk/vaccinaties,"Moderna, Pfizer/BioNTech"
387079.0,2021-02-01,,,Netherlands,https://coronadashboard.government.nl/landelijk/vaccinaties,"Moderna, Pfizer/BioNTech"
421714.0,2021-02-02,,,Netherlands,https://coronadashboard.government.nl/landelijk/vaccinaties,"Moderna, Pfizer/BioNTech"
454534.0,2021-02-03,,,Netherlands,https://coronadashboard.government.nl/landelijk/vaccinaties,"Moderna, Pfizer/BioNTech"
489139.0,2021-02-04,,,Netherlands,https://coronadashboard.government.nl/landelijk/vaccinaties,"Moderna, Pfizer/BioNTech"
522426.0,2021-02-05,,,Netherlands,https://coronadashboard.government.nl/landelijk/vaccinaties,"Moderna, Pfizer/BioNTech"
550165.0,2021-02-06,,,Netherlands,https://coronadashboard.government.nl/landelijk/vaccinaties,"Moderna, Pfizer/BioNTech"
573825.0,2021-02-07,34788.0,544787.0,Netherlands,https://coronadashboard.government.nl/landelijk/vaccinaties,"Moderna, Pfizer/BioNTech"
606977.0,2021-02-08,,,Netherlands,https://coronadashboard.government.nl/landelijk/vaccinaties,"Moderna, Pfizer/BioNTech"
639281.0,2021-02-09,,,Netherlands,https://coronadashboard.government.nl/landelijk/vaccinaties,"Moderna, Pfizer/BioNTech"
671270.0,2021-02-10,,,Netherlands,https://coronadashboard.government.nl/landelijk/vaccinaties,"Moderna, Oxford/AstraZeneca, Pfizer/BioNTech"
703221.0,2021-02-11,,,Netherlands,https://coronadashboard.government.nl/landelijk/vaccinaties,"Moderna, Oxford/AstraZeneca, Pfizer/BioNTech"
735170.0,2021-02-12,,,Netherlands,https://coronadashboard.government.nl/landelijk/vaccinaties,"Moderna, Oxford/AstraZeneca, Pfizer/BioNTech"
763648.0,2021-02-13,,,Netherlands,https://coronadashboard.government.nl/landelijk/vaccinaties,"Moderna, Oxford/AstraZeneca, Pfizer/BioNTech"
792123.0,2021-02-14,106350.0,690428.0,Netherlands,https://coronadashboard.government.nl/landelijk/vaccinaties,"Moderna, Oxford/AstraZeneca, Pfizer/BioNTech"
823781.0,2021-02-15,,,Netherlands,https://coronadashboard.government.nl/landelijk/vaccinaties,"Moderna, Oxford/AstraZeneca, Pfizer/BioNTech"
855438.0,2021-02-16,,,Netherlands,https://coronadashboard.government.nl/landelijk/vaccinaties,"Moderna, Oxford/AstraZeneca, Pfizer/BioNTech"
890861.0,2021-02-17,,,Netherlands,https://coronadashboard.government.nl/landelijk/vaccinaties,"Moderna, Oxford/AstraZeneca, Pfizer/BioNTech"
927630.0,2021-02-18,,,Netherlands,https://coronadashboard.government.nl/landelijk/vaccinaties,"Moderna, Oxford/AstraZeneca, Pfizer/BioNTech"
966691.0,2021-02-19,,,Netherlands,https://coronadashboard.government.nl/landelijk/vaccinaties,"Moderna, Oxford/AstraZeneca, Pfizer/BioNTech"
1004821.0,2021-02-20,,,Netherlands,https://coronadashboard.government.nl/landelijk/vaccinaties,"Moderna, Oxford/AstraZeneca, Pfizer/BioNTech"
1042946.0,2021-02-21,176674.0,873561.0,Netherlands,https://coronadashboard.government.nl/landelijk/vaccinaties,"Moderna, Oxford/AstraZeneca, Pfizer/BioNTech"
1080803.0,2021-02-22,,,Netherlands,https://coronadashboard.government.nl/landelijk/vaccinaties,"Moderna, Oxford/AstraZeneca, Pfizer/BioNTech"
1124546.0,2021-02-23,,,Netherlands,https://coronadashboard.government.nl/landelijk/vaccinaties,"Moderna, Oxford/AstraZeneca, Pfizer/BioNTech"
1175184.0,2021-02-24,,,Netherlands,https://coronadashboard.government.nl/landelijk/vaccinaties,"Moderna, Oxford/AstraZeneca, Pfizer/BioNTech"
1228660.0,2021-02-25,,,Netherlands,https://coronadashboard.government.nl/landelijk/vaccinaties,"Moderna, Oxford/AstraZeneca, Pfizer/BioNTech"
1286637.0,2021-02-26,,,Netherlands,https://coronadashboard.government.nl/landelijk/vaccinaties,"Moderna, Oxford/AstraZeneca, Pfizer/BioNTech"
1339613.0,2021-02-27,,,Netherlands,https://coronadashboard.government.nl/landelijk/vaccinaties,"Moderna, Oxford/AstraZeneca, Pfizer/BioNTech"
1388722.0,2021-02-28,294654.0,1105001.0,Netherlands,https://coronadashboard.government.nl/landelijk/vaccinaties,"Moderna, Oxford/AstraZeneca, Pfizer/BioNTech"
1434055.0,2021-03-01,,,Netherlands,https://coronadashboard.government.nl/landelijk/vaccinaties,"Moderna, Oxford/AstraZeneca, Pfizer/BioNTech"
1480498.0,2021-03-02,,,Netherlands,https://coronadashboard.government.nl/landelijk/vaccinaties,"Moderna, Oxford/AstraZeneca, Pfizer/BioNTech"
1525199.0,2021-03-03,,,Netherlands,https://coronadashboard.government.nl/landelijk/vaccinaties,"Moderna, Oxford/AstraZeneca, Pfizer/BioNTech"
1569345.0,2021-03-04,,,Netherlands,https://coronadashboard.government.nl/landelijk/vaccinaties,"Moderna, Oxford/AstraZeneca, Pfizer/BioNTech"
1611757.0,2021-03-05,,,Netherlands,https://coronadashboard.government.nl/landelijk/vaccinaties,"Moderna, Oxford/AstraZeneca, Pfizer/BioNTech"
1650192.0,2021-03-06,,,Netherlands,https://coronadashboard.government.nl/landelijk/vaccinaties,"Moderna, Oxford/AstraZeneca, Pfizer/BioNTech"
1684629.0,2021-03-07,383353.0,1314632.0,Netherlands,https://coronadashboard.government.nl/landelijk/vaccinaties,"Moderna, Oxford/AstraZeneca, Pfizer/BioNTech"
1725930.0,2021-03-08,,,Netherlands,https://coronadashboard.government.nl/landelijk/vaccinaties,"Moderna, Oxford/AstraZeneca, Pfizer/BioNTech"
1767878.0,2021-03-09,,,Netherlands,https://coronadashboard.government.nl/landelijk/vaccinaties,"Moderna, Oxford/AstraZeneca, Pfizer/BioNTech"
1809881.0,2021-03-10,,,Netherlands,https://coronadashboard.government.nl/landelijk/vaccinaties,"Moderna, Oxford/AstraZeneca, Pfizer/BioNTech"
1851826.0,2021-03-11,,,Netherlands,https://coronadashboard.government.nl/landelijk/vaccinaties,"Moderna, Oxford/AstraZeneca, Pfizer/BioNTech"
1891583.0,2021-03-12,,,Netherlands,https://coronadashboard.government.nl/landelijk/vaccinaties,"Moderna, Oxford/AstraZeneca, Pfizer/BioNTech"
1931334.0,2021-03-13,,,Netherlands,https://coronadashboard.government.nl/landelijk/vaccinaties,"Moderna, Oxford/AstraZeneca, Pfizer/BioNTech"
1971062.0,2021-03-14,476590.0,1512095.0,Netherlands,https://coronadashboard.government.nl/landelijk/vaccinaties,"Moderna, Oxford/AstraZeneca, Pfizer/BioNTech"
2001500.0,2021-03-15,,,Netherlands,https://coronadashboard.government.nl/landelijk/vaccinaties,"Moderna, Oxford/AstraZeneca, Pfizer/BioNTech"
2032139.0,2021-03-16,,,Netherlands,https://coronadashboard.government.nl/landelijk/vaccinaties,"Moderna, Oxford/AstraZeneca, Pfizer/BioNTech"
2063000.0,2021-03-17,,,Netherlands,https://coronadashboard.government.nl/landelijk/vaccinaties,"Moderna, Oxford/AstraZeneca, Pfizer/BioNTech"
2093750.0,2021-03-18,,,Netherlands,https://coronadashboard.government.nl/landelijk/vaccinaties,"Moderna, Oxford/AstraZeneca, Pfizer/BioNTech"
2124163.0,2021-03-19,,,Netherlands,https://coronadashboard.government.nl/landelijk/vaccinaties,"Moderna, Oxford/AstraZeneca, Pfizer/BioNTech"
2154571.0,2021-03-20,,,Netherlands,https://coronadashboard.government.nl/landelijk/vaccinaties,"Moderna, Oxford/AstraZeneca, Pfizer/BioNTech"
2184977.0,2021-03-21,604353.0,1598984.0,Netherlands,https://coronadashboard.government.nl/landelijk/vaccinaties,"Moderna, Oxford/AstraZeneca, Pfizer/BioNTech"
2215454.0,2021-03-22,,,Netherlands,https://coronadashboard.government.nl/landelijk/vaccinaties,"Moderna, Oxford/AstraZeneca, Pfizer/BioNTech"
2249563.0,2021-03-23,,,Netherlands,https://coronadashboard.government.nl/landelijk/vaccinaties,"Moderna, Oxford/AstraZeneca, Pfizer/BioNTech"
2295698.0,2021-03-24,,,Netherlands,https://coronadashboard.government.nl/landelijk/vaccinaties,"Moderna, Oxford/AstraZeneca, Pfizer/BioNTech"
2341770.0,2021-03-25,,,Netherlands,https://coronadashboard.government.nl/landelijk/vaccinaties,"Moderna, Oxford/AstraZeneca, Pfizer/BioNTech"
2389622.0,2021-03-26,,,Netherlands,https://coronadashboard.government.nl/landelijk/vaccinaties,"Moderna, Oxford/AstraZeneca, Pfizer/BioNTech"
2436456.0,2021-03-27,,,Netherlands,https://coronadashboard.government.nl/landelijk/vaccinaties,"Moderna, Oxford/AstraZeneca, Pfizer/BioNTech"
2483287.0,2021-03-28,706030.0,1798400.0,Netherlands,https://coronadashboard.government.nl/landelijk/vaccinaties,"Moderna, Oxford/AstraZeneca, Pfizer/BioNTech"
2546738.0,2021-03-29,,,Netherlands,https://coronadashboard.government.nl/landelijk/vaccinaties,"Moderna, Oxford/AstraZeneca, Pfizer/BioNTech"
2614088.0,2021-03-30,,,Netherlands,https://coronadashboard.government.nl/landelijk/vaccinaties,"Moderna, Oxford/AstraZeneca, Pfizer/BioNTech"
2687116.0,2021-03-31,,,Netherlands,https://coronadashboard.government.nl/landelijk/vaccinaties,"Moderna, Oxford/AstraZeneca, Pfizer/BioNTech"
2759971.0,2021-04-01,,,Netherlands,https://coronadashboard.government.nl/landelijk/vaccinaties,"Moderna, Oxford/AstraZeneca, Pfizer/BioNTech"
2835045.0,2021-04-02,,,Netherlands,https://coronadashboard.government.nl/landelijk/vaccinaties,"Moderna, Oxford/AstraZeneca, Pfizer/BioNTech"
2886076.0,2021-04-03,,,Netherlands,https://coronadashboard.government.nl/landelijk/vaccinaties,"Moderna, Oxford/AstraZeneca, Pfizer/BioNTech"
2935508.0,2021-04-04,820307.0,2139815.0,Netherlands,https://coronadashboard.government.nl/landelijk/vaccinaties,"Moderna, Oxford/AstraZeneca, Pfizer/BioNTech"
2990807.0,2021-04-05,,,Netherlands,https://coronadashboard.government.nl/landelijk/vaccinaties,"Moderna, Oxford/AstraZeneca, Pfizer/BioNTech"
3073830.0,2021-04-06,,,Netherlands,https://coronadashboard.government.nl/landelijk/vaccinaties,"Moderna, Oxford/AstraZeneca, Pfizer/BioNTech"
3167826.0,2021-04-07,,,Netherlands,https://coronadashboard.government.nl/landelijk/vaccinaties,"Moderna, Oxford/AstraZeneca, Pfizer/BioNTech"
3269852.0,2021-04-08,,,Netherlands,https://coronadashboard.government.nl/landelijk/vaccinaties,"Moderna, Oxford/AstraZeneca, Pfizer/BioNTech"
3377067.0,2021-04-09,,,Netherlands,https://coronadashboard.government.nl/landelijk/vaccinaties,"Moderna, Oxford/AstraZeneca, Pfizer/BioNTech"
3479204.0,2021-04-10,,,Netherlands,https://coronadashboard.government.nl/landelijk/vaccinaties,"Moderna, Oxford/AstraZeneca, Pfizer/BioNTech"
3580140.0,2021-04-11,953775.0,2653904.0,Netherlands,https://coronadashboard.government.nl/landelijk/vaccinaties,"Moderna, Oxford/AstraZeneca, Pfizer/BioNTech"
3700903.0,2021-04-12,,,Netherlands,https://coronadashboard.government.nl/landelijk/vaccinaties,"Moderna, Oxford/AstraZeneca, Pfizer/BioNTech"
3821559.0,2021-04-13,,,Netherlands,https://coronadashboard.government.nl/landelijk/vaccinaties,"Moderna, Oxford/AstraZeneca, Pfizer/BioNTech"
3941806.0,2021-04-14,,,Netherlands,https://coronadashboard.government.nl/landelijk/vaccinaties,"Moderna, Oxford/AstraZeneca, Pfizer/BioNTech"
4059199.0,2021-04-15,,,Netherlands,https://coronadashboard.government.nl/landelijk/vaccinaties,"Moderna, Oxford/AstraZeneca, Pfizer/BioNTech"
4173819.0,2021-04-16,,,Netherlands,https://coronadashboard.government.nl/landelijk/vaccinaties,"Moderna, Oxford/AstraZeneca, Pfizer/BioNTech"
4284020.0,2021-04-17,,,Netherlands,https://coronadashboard.government.nl/landelijk/vaccinaties,"Moderna, Oxford/AstraZeneca, Pfizer/BioNTech"
4392044.0,2021-04-18,1056542.0,3368865.0,Netherlands,https://coronadashboard.government.nl/landelijk/vaccinaties,"Moderna, Oxford/AstraZeneca, Pfizer/BioNTech"
4503322.0,2021-04-19,,,Netherlands,https://coronadashboard.government.nl/landelijk/vaccinaties,"Moderna, Oxford/AstraZeneca, Pfizer/BioNTech"
4610534.0,2021-04-20,,,Netherlands,https://coronadashboard.government.nl/landelijk/vaccinaties,"Moderna, Oxford/AstraZeneca, Pfizer/BioNTech"
4706715.0,2021-04-21,,,Netherlands,https://coronadashboard.government.nl/landelijk/vaccinaties,"Johnson&Johnson, Moderna, Oxford/AstraZeneca, Pfizer/BioNTech"
4795181.0,2021-04-22,,,Netherlands,https://coronadashboard.government.nl/landelijk/vaccinaties,"Johnson&Johnson, Moderna, Oxford/AstraZeneca, Pfizer/BioNTech"
4882680.0,2021-04-23,,,Netherlands,https://coronadashboard.government.nl/landelijk/vaccinaties,"Johnson&Johnson, Moderna, Oxford/AstraZeneca, Pfizer/BioNTech"
4970139.0,2021-04-24,,,Netherlands,https://coronadashboard.government.nl/landelijk/vaccinaties,"Johnson&Johnson, Moderna, Oxford/AstraZeneca, Pfizer/BioNTech"
5057376.0,2021-04-25,1199395.0,3903772.0,Netherlands,https://coronadashboard.government.nl/landelijk/vaccinaties,"Johnson&Johnson, Moderna, Oxford/AstraZeneca, Pfizer/BioNTech"
5155007.0,2021-04-26,,,Netherlands,https://coronadashboard.government.nl/landelijk/vaccinaties,"Johnson&Johnson, Moderna, Oxford/AstraZeneca, Pfizer/BioNTech"
5252414.0,2021-04-27,,,Netherlands,https://coronadashboard.government.nl/landelijk/vaccinaties,"Johnson&Johnson, Moderna, Oxford/AstraZeneca, Pfizer/BioNTech"
5347966.0,2021-04-28,,,Netherlands,https://coronadashboard.government.nl/landelijk/vaccinaties,"Johnson&Johnson, Moderna, Oxford/AstraZeneca, Pfizer/BioNTech"
5448609.0,2021-04-29,,,Netherlands,https://coronadashboard.government.nl/landelijk/vaccinaties,"Johnson&Johnson, Moderna, Oxford/AstraZeneca, Pfizer/BioNTech"
5548858.0,2021-04-30,,,Netherlands,https://coronadashboard.government.nl/landelijk/vaccinaties,"Johnson&Johnson, Moderna, Oxford/AstraZeneca, Pfizer/BioNTech"
5656852.0,2021-05-01,,,Netherlands,https://coronadashboard.government.nl/landelijk/vaccinaties,"Johnson&Johnson, Moderna, Oxford/AstraZeneca, Pfizer/BioNTech"
5755953.0,2021-05-02,1354712.0,4497884.0,Netherlands,https://coronadashboard.government.nl/landelijk/vaccinaties,"Johnson&Johnson, Moderna, Oxford/AstraZeneca, Pfizer/BioNTech"
5865787.0,2021-05-03,,,Netherlands,https://coronadashboard.government.nl/landelijk/vaccinaties,"Johnson&Johnson, Moderna, Oxford/AstraZeneca, Pfizer/BioNTech"
5971646.0,2021-05-04,,,Netherlands,https://coronadashboard.government.nl/landelijk/vaccinaties,"Johnson&Johnson, Moderna, Oxford/AstraZeneca, Pfizer/BioNTech"
6095020.0,2021-05-05,,,Netherlands,https://coronadashboard.government.nl/landelijk/vaccinaties,"Johnson&Johnson, Moderna, Oxford/AstraZeneca, Pfizer/BioNTech"
6218760.0,2021-05-06,,,Netherlands,https://coronadashboard.government.nl/landelijk/vaccinaties,"Johnson&Johnson, Moderna, Oxford/AstraZeneca, Pfizer/BioNTech"
6345406.0,2021-05-07,,,Netherlands,https://coronadashboard.government.nl/landelijk/vaccinaties,"Johnson&Johnson, Moderna, Oxford/AstraZeneca, Pfizer/BioNTech"
6470476.0,2021-05-08,,,Netherlands,https://coronadashboard.government.nl/landelijk/vaccinaties,"Johnson&Johnson, Moderna, Oxford/AstraZeneca, Pfizer/BioNTech"
6589419.0,2021-05-09,1699940.0,5067846.0,Netherlands,https://coronadashboard.government.nl/landelijk/vaccinaties,"Johnson&Johnson, Moderna, Oxford/AstraZeneca, Pfizer/BioNTech"
6717694.0,2021-05-10,,,Netherlands,https://coronadashboard.government.nl/landelijk/vaccinaties,"Johnson&Johnson, Moderna, Oxford/AstraZeneca, Pfizer/BioNTech"
6853857.0,2021-05-11,,,Netherlands,https://coronadashboard.government.nl/landelijk/vaccinaties,"Johnson&Johnson, Moderna, Oxford/AstraZeneca, Pfizer/BioNTech"
7008068.0,2021-05-12,,,Netherlands,https://coronadashboard.government.nl/landelijk/vaccinaties,"Johnson&Johnson, Moderna, Oxford/AstraZeneca, Pfizer/BioNTech"
7157758.0,2021-05-13,,,Netherlands,https://coronadashboard.government.nl/landelijk/vaccinaties,"Johnson&Johnson, Moderna, Oxford/AstraZeneca, Pfizer/BioNTech"
7298925.0,2021-05-14,,,Netherlands,https://coronadashboard.government.nl/landelijk/vaccinaties,"Johnson&Johnson, Moderna, Oxford/AstraZeneca, Pfizer/BioNTech"
7448364.0,2021-05-15,,,Netherlands,https://coronadashboard.government.nl/landelijk/vaccinaties,"Johnson&Johnson, Moderna, Oxford/AstraZeneca, Pfizer/BioNTech"
7589934.0,2021-05-16,2084503.0,5759740.0,Netherlands,https://coronadashboard.government.nl/landelijk/vaccinaties,"Johnson&Johnson, Moderna, Oxford/AstraZeneca, Pfizer/BioNTech"
7744464.0,2021-05-17,,,Netherlands,https://coronadashboard.government.nl/landelijk/vaccinaties,"Johnson&Johnson, Moderna, Oxford/AstraZeneca, Pfizer/BioNTech"
7898773.0,2021-05-18,,,Netherlands,https://coronadashboard.government.nl/landelijk/vaccinaties,"Johnson&Johnson, Moderna, Oxford/AstraZeneca, Pfizer/BioNTech"
8047416.0,2021-05-19,,,Netherlands,https://coronadashboard.government.nl/landelijk/vaccinaties,"Johnson&Johnson, Moderna, Oxford/AstraZeneca, Pfizer/BioNTech"
8191558.0,2021-05-20,,,Netherlands,https://coronadashboard.government.nl/landelijk/vaccinaties,"Johnson&Johnson, Moderna, Oxford/AstraZeneca, Pfizer/BioNTech"
8335189.0,2021-05-21,,,Netherlands,https://coronadashboard.government.nl/landelijk/vaccinaties,"Johnson&Johnson, Moderna, Oxford/AstraZeneca, Pfizer/BioNTech"
8477203.0,2021-05-22,,,Netherlands,https://coronadashboard.government.nl/landelijk/vaccinaties,"Johnson&Johnson, Moderna, Oxford/AstraZeneca, Pfizer/BioNTech"
8616111.0,2021-05-23,2664587.0,6269456.0,Netherlands,https://coronadashboard.government.nl/landelijk/vaccinaties,"Johnson&Johnson, Moderna, Oxford/AstraZeneca, Pfizer/BioNTech"
8702725.0,2021-05-24,,,Netherlands,https://coronadashboard.government.nl/landelijk/vaccinaties,"Johnson&Johnson, Moderna, Oxford/AstraZeneca, Pfizer/BioNTech"
8805285.0,2021-05-25,,,Netherlands,https://coronadashboard.government.nl/landelijk/vaccinaties,"Johnson&Johnson, Moderna, Oxford/AstraZeneca, Pfizer/BioNTech"
9004501.0,2021-05-26,,,Netherlands,https://coronadashboard.government.nl/landelijk/vaccinaties,"Johnson&Johnson, Moderna, Oxford/AstraZeneca, Pfizer/BioNTech"
9137234.0,2021-05-27,,,Netherlands,https://coronadashboard.government.nl/landelijk/vaccinaties,"Johnson&Johnson, Moderna, Oxford/AstraZeneca, Pfizer/BioNTech"
9296269.0,2021-05-28,,,Netherlands,https://coronadashboard.government.nl/landelijk/vaccinaties,"Johnson&Johnson, Moderna, Oxford/AstraZeneca, Pfizer/BioNTech"
9456080.0,2021-05-29,,,Netherlands,https://coronadashboard.government.nl/landelijk/vaccinaties,"Johnson&Johnson, Moderna, Oxford/AstraZeneca, Pfizer/BioNTech"
9608511.0,2021-05-30,3314461.0,6760702.0,Netherlands,https://coronadashboard.government.nl/landelijk/vaccinaties,"Johnson&Johnson, Moderna, Oxford/AstraZeneca, Pfizer/BioNTech"
9767088.0,2021-05-31,,,Netherlands,https://coronadashboard.government.nl/landelijk/vaccinaties,"Johnson&Johnson, Moderna, Oxford/AstraZeneca, Pfizer/BioNTech"
9933050.0,2021-06-01,,,Netherlands,https://coronadashboard.government.nl/landelijk/vaccinaties,"Johnson&Johnson, Moderna, Oxford/AstraZeneca, Pfizer/BioNTech"
10099126.0,2021-06-02,,,Netherlands,https://coronadashboard.government.nl/landelijk/vaccinaties,"Johnson&Johnson, Moderna, Oxford/AstraZeneca, Pfizer/BioNTech"
10272295.0,2021-06-03,,,Netherlands,https://coronadashboard.government.nl/landelijk/vaccinaties,"Johnson&Johnson, Moderna, Oxford/AstraZeneca, Pfizer/BioNTech"
10438618.0,2021-06-04,,,Netherlands,https://coronadashboard.government.nl/landelijk/vaccinaties,"Johnson&Johnson, Moderna, Oxford/AstraZeneca, Pfizer/BioNTech"
10603208.0,2021-06-05,,,Netherlands,https://coronadashboard.government.nl/landelijk/vaccinaties,"Johnson&Johnson, Moderna, Oxford/AstraZeneca, Pfizer/BioNTech"
10774737.0,2021-06-06,4104964.0,7340845.0,Netherlands,https://coronadashboard.government.nl/landelijk/vaccinaties,"Johnson&Johnson, Moderna, Oxford/AstraZeneca, Pfizer/BioNTech"
10907972.0,2021-06-07,,,Netherlands,https://coronadashboard.government.nl/landelijk/vaccinaties,"Johnson&Johnson, Moderna, Oxford/AstraZeneca, Pfizer/BioNTech"
11145074.0,2021-06-08,,,Netherlands,https://coronadashboard.government.nl/landelijk/vaccinaties,"Johnson&Johnson, Moderna, Oxford/AstraZeneca, Pfizer/BioNTech"
11395454.0,2021-06-09,,,Netherlands,https://coronadashboard.government.nl/landelijk/vaccinaties,"Johnson&Johnson, Moderna, Oxford/AstraZeneca, Pfizer/BioNTech"
11640368.0,2021-06-10,,,Netherlands,https://coronadashboard.government.nl/landelijk/vaccinaties,"Johnson&Johnson, Moderna, Oxford/AstraZeneca, Pfizer/BioNTech"
11878295.0,2021-06-11,,,Netherlands,https://coronadashboard.government.nl/landelijk/vaccinaties,"Johnson&Johnson, Moderna, Oxford/AstraZeneca, Pfizer/BioNTech"
12208790.0,2021-06-12,,,Netherlands,https://coronadashboard.government.nl/landelijk/vaccinaties,"Johnson&Johnson, Moderna, Oxford/AstraZeneca, Pfizer/BioNTech"
12442350.0,2021-06-13,4893391.0,8358352.0,Netherlands,https://coronadashboard.government.nl/landelijk/vaccinaties,"Johnson&Johnson, Moderna, Oxford/AstraZeneca, Pfizer/BioNTech"
12651035.0,2021-06-14,,,Netherlands,https://coronadashboard.government.nl/landelijk/vaccinaties,"Johnson&Johnson, Moderna, Oxford/AstraZeneca, Pfizer/BioNTech"
12862499.0,2021-06-15,,,Netherlands,https://coronadashboard.government.nl/landelijk/vaccinaties,"Johnson&Johnson, Moderna, Oxford/AstraZeneca, Pfizer/BioNTech"
13067373.0,2021-06-16,,,Netherlands,https://coronadashboard.government.nl/landelijk/vaccinaties,"Johnson&Johnson, Moderna, Oxford/AstraZeneca, Pfizer/BioNTech"
13269681.0,2021-06-17,,,Netherlands,https://coronadashboard.government.nl/landelijk/vaccinaties,"Johnson&Johnson, Moderna, Oxford/AstraZeneca, Pfizer/BioNTech"
13472247.0,2021-06-18,,,Netherlands,https://coronadashboard.government.nl/landelijk/vaccinaties,"Johnson&Johnson, Moderna, Oxford/AstraZeneca, Pfizer/BioNTech"
13676759.0,2021-06-19,,,Netherlands,https://coronadashboard.government.nl/landelijk/vaccinaties,"Johnson&Johnson, Moderna, Oxford/AstraZeneca, Pfizer/BioNTech"
13875172.0,2021-06-20,5658708.0,9102268.0,Netherlands,https://coronadashboard.government.nl/landelijk/vaccinaties,"Johnson&Johnson, Moderna, Oxford/AstraZeneca, Pfizer/BioNTech"
14075757.0,2021-06-21,,,Netherlands,https://coronadashboard.government.nl/landelijk/vaccinaties,"Johnson&Johnson, Moderna, Oxford/AstraZeneca, Pfizer/BioNTech"
14276342.0,2021-06-22,,,Netherlands,https://coronadashboard.government.nl/landelijk/vaccinaties,"Johnson&Johnson, Moderna, Oxford/AstraZeneca, Pfizer/BioNTech"
14477525.0,2021-06-23,,,Netherlands,https://coronadashboard.government.nl/landelijk/vaccinaties,"Johnson&Johnson, Moderna, Oxford/AstraZeneca, Pfizer/BioNTech"
14680637.0,2021-06-24,,,Netherlands,https://coronadashboard.government.nl/landelijk/vaccinaties,"Johnson&Johnson, Moderna, Oxford/AstraZeneca, Pfizer/BioNTech"
14896699.0,2021-06-25,,,Netherlands,https://coronadashboard.government.nl/landelijk/vaccinaties,"Johnson&Johnson, Moderna, Oxford/AstraZeneca, Pfizer/BioNTech"
15121633.0,2021-06-26,,,Netherlands,https://coronadashboard.government.nl/landelijk/vaccinaties,"Johnson&Johnson, Moderna, Oxford/AstraZeneca, Pfizer/BioNTech"
15342995.0,2021-06-27,6428258.0,9919479.0,Netherlands,https://coronadashboard.government.nl/landelijk/vaccinaties,"Johnson&Johnson, Moderna, Oxford/AstraZeneca, Pfizer/BioNTech"
15553035.0,2021-06-28,,,Netherlands,https://coronadashboard.government.nl/landelijk/vaccinaties,"Johnson&Johnson, Moderna, Oxford/AstraZeneca, Pfizer/BioNTech"
15764668.0,2021-06-29,,,Netherlands,https://coronadashboard.government.nl/landelijk/vaccinaties,"Johnson&Johnson, Moderna, Oxford/AstraZeneca, Pfizer/BioNTech"
15974932.0,2021-06-30,,,Netherlands,https://coronadashboard.government.nl/landelijk/vaccinaties,"Johnson&Johnson, Moderna, Oxford/AstraZeneca, Pfizer/BioNTech"
16185352.0,2021-07-01,,,Netherlands,https://coronadashboard.government.nl/landelijk/vaccinaties,"Johnson&Johnson, Moderna, Oxford/AstraZeneca, Pfizer/BioNTech"
16392351.0,2021-07-02,,,Netherlands,https://coronadashboard.government.nl/landelijk/vaccinaties,"Johnson&Johnson, Moderna, Oxford/AstraZeneca, Pfizer/BioNTech"
16596971.0,2021-07-03,,,Netherlands,https://coronadashboard.government.nl/landelijk/vaccinaties,"Johnson&Johnson, Moderna, Oxford/AstraZeneca, Pfizer/BioNTech"
16726739.0,2021-07-04,7195160.0,10860534.0,Netherlands,https://coronadashboard.government.nl/landelijk/vaccinaties,"Johnson&Johnson, Moderna, Oxford/AstraZeneca, Pfizer/BioNTech"
16924275.0,2021-07-05,,,Netherlands,https://coronadashboard.government.nl/landelijk/vaccinaties,"Johnson&Johnson, Moderna, Oxford/AstraZeneca, Pfizer/BioNTech"
17101744.0,2021-07-06,,,Netherlands,https://coronadashboard.government.nl/landelijk/vaccinaties,"Johnson&Johnson, Moderna, Oxford/AstraZeneca, Pfizer/BioNTech"
17277702.0,2021-07-07,,,Netherlands,https://coronadashboard.government.nl/landelijk/vaccinaties,"Johnson&Johnson, Moderna, Oxford/AstraZeneca, Pfizer/BioNTech"
17449866.0,2021-07-08,,,Netherlands,https://coronadashboard.government.nl/landelijk/vaccinaties,"Johnson&Johnson, Moderna, Oxford/AstraZeneca, Pfizer/BioNTech"
17625182.0,2021-07-09,,,Netherlands,https://coronadashboard.government.nl/landelijk/vaccinaties,"Johnson&Johnson, Moderna, Oxford/AstraZeneca, Pfizer/BioNTech"
17794736.0,2021-07-10,,,Netherlands,https://coronadashboard.government.nl/landelijk/vaccinaties,"Johnson&Johnson, Moderna, Oxford/AstraZeneca, Pfizer/BioNTech"
17960133.0,2021-07-11,7789721.0,11690799.0,Netherlands,https://coronadashboard.government.nl/landelijk/vaccinaties,"Johnson&Johnson, Moderna, Oxford/AstraZeneca, Pfizer/BioNTech"
18106978.0,2021-07-12,,,Netherlands,https://coronadashboard.government.nl/landelijk/vaccinaties,"Johnson&Johnson, Moderna, Oxford/AstraZeneca, Pfizer/BioNTech"
18311339.0,2021-07-13,,,Netherlands,https://coronadashboard.government.nl/landelijk/vaccinaties,"Johnson&Johnson, Moderna, Oxford/AstraZeneca, Pfizer/BioNTech"
18467384.0,2021-07-14,,,Netherlands,https://coronadashboard.government.nl/landelijk/vaccinaties,"Johnson&Johnson, Moderna, Oxford/AstraZeneca, Pfizer/BioNTech"
18621626.0,2021-07-15,,,Netherlands,https://coronadashboard.government.nl/landelijk/vaccinaties,"Johnson&Johnson, Moderna, Oxford/AstraZeneca, Pfizer/BioNTech"
18782114.0,2021-07-16,,,Netherlands,https://coronadashboard.government.nl/landelijk/vaccinaties,"Johnson&Johnson, Moderna, Oxford/AstraZeneca, Pfizer/BioNTech"
18942204.0,2021-07-17,,,Netherlands,https://coronadashboard.government.nl/landelijk/vaccinaties,"Johnson&Johnson, Moderna, Oxford/AstraZeneca, Pfizer/BioNTech"
19095198.0,2021-07-18,8673590.0,11917538.0,Netherlands,https://coronadashboard.government.nl/landelijk/vaccinaties,"Johnson&Johnson, Moderna, Oxford/AstraZeneca, Pfizer/BioNTech"
19222005.0,2021-07-19,,,Netherlands,https://coronadashboard.government.nl/landelijk/vaccinaties,"Johnson&Johnson, Moderna, Oxford/AstraZeneca, Pfizer/BioNTech"
19348991.0,2021-07-20,,,Netherlands,https://coronadashboard.government.nl/landelijk/vaccinaties,"Johnson&Johnson, Moderna, Oxford/AstraZeneca, Pfizer/BioNTech"
19473740.0,2021-07-21,,,Netherlands,https://coronadashboard.government.nl/landelijk/vaccinaties,"Johnson&Johnson, Moderna, Oxford/AstraZeneca, Pfizer/BioNTech"
19600216.0,2021-07-22,,,Netherlands,https://coronadashboard.government.nl/landelijk/vaccinaties,"Johnson&Johnson, Moderna, Oxford/AstraZeneca, Pfizer/BioNTech"
,2021-07-25,9334836.0,12112440.0,Netherlands,https://coronadashboard.government.nl/landelijk/vaccinaties,"Johnson&Johnson, Moderna, Oxford/AstraZeneca, Pfizer/BioNTech"
20254917.0,2021-07-26,,,Netherlands,https://coronadashboard.government.nl/landelijk/vaccinaties,"Johnson&Johnson, Moderna, Oxford/AstraZeneca, Pfizer/BioNTech"
20464166.0,2021-07-28,,,Netherlands,https://coronadashboard.government.nl/landelijk/vaccinaties,"Johnson&Johnson, Moderna, Oxford/AstraZeneca, Pfizer/BioNTech"
,2021-08-01,9993654.0,12267399.0,Netherlands,https://coronadashboard.government.nl/landelijk/vaccinaties,"Johnson&Johnson, Moderna, Oxford/AstraZeneca, Pfizer/BioNTech"
21075870.0,2021-08-02,,,Netherlands,https://coronadashboard.government.nl/landelijk/vaccinaties,"Johnson&Johnson, Moderna, Oxford/AstraZeneca, Pfizer/BioNTech"
,2021-08-08,10725479.0,12359370.0,Netherlands,https://coronadashboard.government.nl/landelijk/vaccinaties,"Johnson&Johnson, Moderna, Oxford/AstraZeneca, Pfizer/BioNTech"
21743306.0,2021-08-09,,,Netherlands,https://coronadashboard.government.nl/landelijk/vaccinaties,"Johnson&Johnson, Moderna, Oxford/AstraZeneca, Pfizer/BioNTech"
21955422.0,2021-08-11,,,Netherlands,https://coronadashboard.government.nl/landelijk/vaccinaties,"Johnson&Johnson, Moderna, Oxford/AstraZeneca, Pfizer/BioNTech"
,2021-08-15,11368864.0,12435864.0,Netherlands,https://coronadashboard.government.nl/landelijk/vaccinaties,"Johnson&Johnson, Moderna, Oxford/AstraZeneca, Pfizer/BioNTech"
22402305.0,2021-08-16,,,Netherlands,https://coronadashboard.government.nl/landelijk/vaccinaties,"Johnson&Johnson, Moderna, Oxford/AstraZeneca, Pfizer/BioNTech"
22486836.0,2021-08-18,,,Netherlands,https://coronadashboard.government.nl/landelijk/vaccinaties,"Johnson&Johnson, Moderna, Oxford/AstraZeneca, Pfizer/BioNTech"
,2021-08-22,11596968.0,12508027.0,Netherlands,https://coronadashboard.government.nl/landelijk/vaccinaties,"Johnson&Johnson, Moderna, Oxford/AstraZeneca, Pfizer/BioNTech"
22695140.0,2021-08-23,,,Netherlands,https://coronadashboard.government.nl/landelijk/vaccinaties,"Johnson&Johnson, Moderna, Oxford/AstraZeneca, Pfizer/BioNTech"
22773830.0,2021-08-25,,,Netherlands,https://coronadashboard.government.nl/landelijk/vaccinaties,"Johnson&Johnson, Moderna, Oxford/AstraZeneca, Pfizer/BioNTech"
,2021-08-29,11803269.0,12571773.0,Netherlands,https://coronadashboard.government.nl/landelijk/vaccinaties,"Johnson&Johnson, Moderna, Oxford/AstraZeneca, Pfizer/BioNTech"
22953546.0,2021-08-30,,,Netherlands,https://coronadashboard.government.nl/landelijk/vaccinaties,"Johnson&Johnson, Moderna, Oxford/AstraZeneca, Pfizer/BioNTech"
23013287.0,2021-09-01,,,Netherlands,https://coronadashboard.government.nl/landelijk/vaccinaties,"Johnson&Johnson, Moderna, Oxford/AstraZeneca, Pfizer/BioNTech"
,2021-09-05,11961428.0,12624499.0,Netherlands,https://coronadashboard.government.nl/landelijk/vaccinaties,"Johnson&Johnson, Moderna, Oxford/AstraZeneca, Pfizer/BioNTech"
23143234.0,2021-09-06,,,Netherlands,https://coronadashboard.government.nl/landelijk/vaccinaties,"Johnson&Johnson, Moderna, Oxford/AstraZeneca, Pfizer/BioNTech"
23179631.0,2021-09-08,,,Netherlands,https://coronadashboard.government.nl/landelijk/vaccinaties,"Johnson&Johnson, Moderna, Oxford/AstraZeneca, Pfizer/BioNTech"
,2021-09-12,12044260.0,12671953.0,Netherlands,https://coronadashboard.government.nl/landelijk/vaccinaties,"Johnson&Johnson, Moderna, Oxford/AstraZeneca, Pfizer/BioNTech"
23277532.0,2021-09-13,,,Netherlands,https://coronadashboard.government.nl/landelijk/vaccinaties,"Johnson&Johnson, Moderna, Oxford/AstraZeneca, Pfizer/BioNTech"
23320388.0,2021-09-15,,,Netherlands,https://coronadashboard.government.nl/landelijk/vaccinaties,"Johnson&Johnson, Moderna, Oxford/AstraZeneca, Pfizer/BioNTech"
,2021-09-19,12132296.0,12740523.0,Netherlands,https://coronadashboard.government.nl/landelijk/vaccinaties,"Johnson&Johnson, Moderna, Oxford/AstraZeneca, Pfizer/BioNTech"
23400202.0,2021-09-20,,,Netherlands,https://coronadashboard.government.nl/landelijk/vaccinaties,"Johnson&Johnson, Moderna, Oxford/AstraZeneca, Pfizer/BioNTech"
23440062.0,2021-09-22,,,Netherlands,https://coronadashboard.government.nl/landelijk/vaccinaties,"Johnson&Johnson, Moderna, Oxford/AstraZeneca, Pfizer/BioNTech"
,2021-09-26,12217998.0,12811227.0,Netherlands,https://coronadashboard.government.nl/landelijk/vaccinaties,"Johnson&Johnson, Moderna, Oxford/AstraZeneca, Pfizer/BioNTech"
23540559.0,2021-09-27,,,Netherlands,https://coronadashboard.government.nl/landelijk/vaccinaties,"Johnson&Johnson, Moderna, Oxford/AstraZeneca, Pfizer/BioNTech"
23585124.0,2021-09-29,,,Netherlands,https://coronadashboard.government.nl/landelijk/vaccinaties,"Johnson&Johnson, Moderna, Oxford/AstraZeneca, Pfizer/BioNTech"
,2021-10-03,12292399.0,12876059.0,Netherlands,https://coronadashboard.government.nl/landelijk/vaccinaties,"Johnson&Johnson, Moderna, Oxford/AstraZeneca, Pfizer/BioNTech"
23667267.0,2021-10-04,,,Netherlands,https://coronadashboard.government.nl/landelijk/vaccinaties,"Johnson&Johnson, Moderna, Oxford/AstraZeneca, Pfizer/BioNTech"
23698483.0,2021-10-06,,,Netherlands,https://coronadashboard.government.nl/landelijk/vaccinaties,"Johnson&Johnson, Moderna, Oxford/AstraZeneca, Pfizer/BioNTech"
,2021-10-10,12357073.0,12918498.0,Netherlands,https://coronadashboard.government.nl/landelijk/vaccinaties,"Johnson&Johnson, Moderna, Oxford/AstraZeneca, Pfizer/BioNTech"
23767664.0,2021-10-11,,,Netherlands,https://coronadashboard.government.nl/landelijk/vaccinaties,"Johnson&Johnson, Moderna, Oxford/AstraZeneca, Pfizer/BioNTech"
23793422.0,2021-10-13,,,Netherlands,https://coronadashboard.government.nl/landelijk/vaccinaties,"Johnson&Johnson, Moderna, Oxford/AstraZeneca, Pfizer/BioNTech"
,2021-10-17,12417933.0,12950954.0,Netherlands,https://coronadashboard.government.nl/landelijk/vaccinaties,"Johnson&Johnson, Moderna, Oxford/AstraZeneca, Pfizer/BioNTech"
23858776.0,2021-10-18,,,Netherlands,https://coronadashboard.government.nl/landelijk/vaccinaties,"Johnson&Johnson, Moderna, Oxford/AstraZeneca, Pfizer/BioNTech"
23884413.0,2021-10-20,,,Netherlands,https://coronadashboard.government.nl/landelijk/vaccinaties,"Johnson&Johnson, Moderna, Oxford/AstraZeneca, Pfizer/BioNTech"
,2021-10-24,12471899.0,12986152.0,Netherlands,https://coronadashboard.government.nl/landelijk/vaccinaties,"Johnson&Johnson, Moderna, Oxford/AstraZeneca, Pfizer/BioNTech"
23944362.0,2021-10-25,,,Netherlands,https://coronadashboard.government.nl/landelijk/vaccinaties,"Johnson&Johnson, Moderna, Oxford/AstraZeneca, Pfizer/BioNTech"
23975215.0,2021-10-27,,,Netherlands,https://coronadashboard.government.nl/landelijk/vaccinaties,"Johnson&Johnson, Moderna, Oxford/AstraZeneca, Pfizer/BioNTech"
,2021-10-31,12526274.0,13030078.0,Netherlands,https://coronadashboard.government.nl/landelijk/vaccinaties,"Johnson&Johnson, Moderna, Oxford/AstraZeneca, Pfizer/BioNTech"
24099493.0,2021-11-01,,,Netherlands,https://coronadashboard.government.nl/landelijk/vaccinaties,"Johnson&Johnson, Moderna, Oxford/AstraZeneca, Pfizer/BioNTech"
24134425.0,2021-11-03,,,Netherlands,https://coronadashboard.government.nl/landelijk/vaccinaties,"Johnson&Johnson, Moderna, Oxford/AstraZeneca, Pfizer/BioNTech"
,2021-11-07,12579120.0,13100998.0,Netherlands,https://coronadashboard.government.nl/landelijk/vaccinaties,"Johnson&Johnson, Moderna, Oxford/AstraZeneca, Pfizer/BioNTech"
24227482.0,2021-11-08,,,Netherlands,https://coronadashboard.government.nl/landelijk/vaccinaties,"Johnson&Johnson, Moderna, Oxford/AstraZeneca, Pfizer/BioNTech"
24260871.0,2021-11-10,,,Netherlands,https://coronadashboard.government.nl/landelijk/vaccinaties,"Johnson&Johnson, Moderna, Oxford/AstraZeneca, Pfizer/BioNTech"
,2021-11-14,12626578.0,13167984.0,Netherlands,https://coronadashboard.government.nl/landelijk/vaccinaties,"Johnson&Johnson, Moderna, Oxford/AstraZeneca, Pfizer/BioNTech"
24350365.0,2021-11-15,,,Netherlands,https://coronadashboard.government.nl/landelijk/vaccinaties,"Johnson&Johnson, Moderna, Oxford/AstraZeneca, Pfizer/BioNTech"
24382465.0,2021-11-17,,,Netherlands,https://coronadashboard.government.nl/landelijk/vaccinaties,"Johnson&Johnson, Moderna, Oxford/AstraZeneca, Pfizer/BioNTech"
,2021-11-21,12670085.0,13217207.0,Netherlands,https://coronadashboard.government.nl/landelijk/vaccinaties,"Johnson&Johnson, Moderna, Oxford/AstraZeneca, Pfizer/BioNTech"
24455078.0,2021-11-22,,,Netherlands,https://coronadashboard.government.nl/landelijk/vaccinaties,"Johnson&Johnson, Moderna, Oxford/AstraZeneca, Pfizer/BioNTech"
24487879.0,2021-11-24,,,Netherlands,https://coronadashboard.government.nl/landelijk/vaccinaties,"Johnson&Johnson, Moderna, Oxford/AstraZeneca, Pfizer/BioNTech"
,2021-11-28,12722541.0,13250021.0,Netherlands,https://coronadashboard.government.nl/landelijk/vaccinaties,"Johnson&Johnson, Moderna, Oxford/AstraZeneca, Pfizer/BioNTech"
24636432.0,2021-11-29,,,Netherlands,https://coronadashboard.government.nl/landelijk/vaccinaties,"Johnson&Johnson, Moderna, Oxford/AstraZeneca, Pfizer/BioNTech"
24693092.0,2021-12-01,,,Netherlands,https://coronadashboard.government.nl/landelijk/vaccinaties,"Johnson&Johnson, Moderna, Oxford/AstraZeneca, Pfizer/BioNTech"
,2021-12-05,12772625.0,13274623.0,Netherlands,https://coronadashboard.government.nl/landelijk/vaccinaties,"Johnson&Johnson, Moderna, Oxford/AstraZeneca, Pfizer/BioNTech"
24763300.0,2021-12-06,,,Netherlands,https://coronadashboard.government.nl/landelijk/vaccinaties,"Johnson&Johnson, Moderna, Oxford/AstraZeneca, Pfizer/BioNTech"
24791526.0,2021-12-08,,,Netherlands,https://coronadashboard.government.nl/landelijk/vaccinaties,"Johnson&Johnson, Moderna, Oxford/AstraZeneca, Pfizer/BioNTech"
,2021-12-12,12818905.0,13292944.0,Netherlands,https://coronadashboard.government.nl/landelijk/vaccinaties,"Johnson&Johnson, Moderna, Oxford/AstraZeneca, Pfizer/BioNTech"
25071847.0,2021-12-13,,,Netherlands,https://coronadashboard.government.nl/landelijk/vaccinaties,"Johnson&Johnson, Moderna, Oxford/AstraZeneca, Pfizer/BioNTech"
